	DNA_blank_P1	DNA_blank_P2	EL_003_pre	EL_003_pw	EL_007_un	EL_007_un1	EL_022_pre	EL_023_pre	EL_025_un	EL_025_un1	EL_026_pre	EL_027_pre1	EL_027_pre2	EL_028_pre1	EL_028_pre2	EL_031_pre	EL_032_pre	EL_035_pw	EL_036_pre	EL_036_pw	EL_047_pre	EL_050_pre	EL_050_pw	EL_051_pre	EL_051_pw	EL_052_pre	EL_052_pw	EL_059_pre	EL_059_pw	EL_068_pre1	EL_068_pre2	EL_070_pm	EL_070_pre	EL_070_pw	EL_073_pre	EL_074_pre	EL_074_pw	EL_075_pm	EL_075_pre	EL_075_pw	EL_078_pre	EL_078_pw	FS_006_pre_in	FS_006_pre_out	FS_006_pre1	FS_024_pre	NE.077_pre	NE_002_pre1	NE_002_pre2	NE_002_pw	NE_009_un	NE_009_un1	NE_010_un	NE_010_un1	NE_012_un	NE_012_un1	NE_018_pre	NE_018_pw	NE_021_pre	NE_034_pre	NE_034_pw	NE_035_pre	NE_037_pre	NE_038_pre	NE_041_pre	NE_041_pw	NE_043_pre	NE_056_pre	NE_056_pw	NE_058_pre	NE_058_pw	NE_063_pre	NE_063_pw	NE_066_pre	NE_067_pre	NE_067_pw	NE_069_pre	NE_069_pw	NE_071_pre	NE_072_pre	NE_079_pre	NE_079_pw	PA_001_pre	PA_001_pw	PA_008_un	PA_008_un1	PA_011_un	PA_011_un1	PA_013_pre	PA_013_pw	PA_014_pre	PA_014_pw	PA_015_pre	PA_015_pw	PA_016_un	PA_016_un1	PA_019_pre	PA_029_pre1	PA_029_pre2	PA_029_pw	PA_030_pre1	PA_030_pre2	PA_030_pw	PA_033_pm	PA_033_pre	PA_033_pw	PA_039_pre	PA_040_pre	PA_042_pre	PA_042_pw	PA_044_pm	PA_044_pre	PA_044_pw	PA_045_pre	PA_045_pw	PA_046_pre	PA_046_pw	PA_048_pre	PA_048_pw1	PA_048_pw2	PA_049_pre	PA_049_pw	PA_053_pre	PA_053_pw	PA_054_pre	PA_054_pw	PA_055_pre	PA_055_pw	PA_057_pre	PA_057_pw	PA_060_pre	PA_060_pw	PA_061_pre1	PA_061_pre2	PA_061_pw	PA_062_pre	PA_064_pre	PA_064_pw	PA_065_pre	PA_065_pw	PA_076_pre	PA_076_pw	PA_080_pre	PA_080_pw	PCR_blank_P1	PCR_blank_P2	SPIKE_P1	SPIKE_P2	UP_001	UP_006	UP_006_1	UP_006_2	UP_006_3	UP_006_4	UP_015	UP_030	US_001	US_006	US_006_2	US_006_4	US_015	US_030
[Eubacterium] brachy group	0	0	0	0	0	0	0	0	0	0	0	0	0	0	0	0	0	0	0	0	0	0	0	0	0	0	0	0	0	0	0	0	0	0	0	0	0	0	0	0	0	0	0	0	0	0	0	0	0	0	0	0	0	0	0	0	0	0	0	0	0	0	0	0	0	0	0	0	0	0	0	0	0	0	0	0	0	0	0	0	0	0	0	0	0	0	0	0	0	0	0	0	0	0	0	0	0	0	0	0	0	0	0	0	0	0	0	0	0	0	0	0	0	0	0	0	0	0	0	0	0	0	0	0	0	0	0	0	0	0	0	0	0	0	0	0	0	0	0	0	0	0	0	0	0	0	0	0	0	0	0	0	0	0	0	0	0	0	0	0	0	0
[Eubacterium] eligens group	0	0	0	0	0	0	0	0	0	0	0	0	0	0	0	0	0	0	0	0	0	0	0	0	0	0	0	0	0	0	0	0	0	0	0	0	0	0	0.19	0	0	0	0	0	0	0	0	0	0	0	0	0	0	0	0	0	0	0	0	0	0	0	0	0	0	0	0	0	0	0	0	0	0	0	0	0	0	0	0	0	0	0	0	0	0	0	0	0	0	0	0	0	0	0	0	0	0	0	0	0	0	0	0	0	0	0	0	0	0	0	0	0	0	0	0	0	0	0	0	0	0	0	0	0	0	0	0	0	0	0	0	0	0	0	0	0	0	0	0	0	0	0	0	0	0	0	0	0	0	0	0	0	0	0	0	0	0	0	0	0	0	0
[Eubacterium] xylanophilum group	0	0	0	0	0	0	0	0	0	0	0	0	0	0	0	0	0	0	0	0	0	0	0	0	0	0	0	0	0	0	0	0	0	0	0	0	0	0	0	0	0	0	0	0	0	0	0	0	0	0	0	0	0	0	0	0	0	0	0	0	0	0	0	0	0	0	0	0	0	0	0	0	0	0	0	0	0	0	0	0	0	0	0	0	0	0	0	0	0	0	0	0	0	0	0	0	0	0	0	0	0	0	0	0	0	0	0	0	0	0	0	0	0	0	0	0	0	0	0	0	0	0	0	0	0	0	0	0	0	0	0	0	0	0	0	0	0	0	0	0.07	0	0	0	0	0	0	0	0	0	0	0	0	0	0	0	0	0	0	0	0	0	0
[Ruminococcus] gauvreauii group	0	0	0	0	0	0	0	0	0	0	0	0	0	0	0	0	0	0	0	0	0	0	0	0	0	0	0	0	0	0	0	0	0	0	0	0	0	0	0.01	0.07	0	0	0	0	0	0	0	0	0	0	0	0	0	0	0	0	0	0	0	0	0	0	0	0	0	0	0	0	0	0	0	0	0	0	0	0	0	0	0	0	0	0	0	0	0	0	0	0	0	0	0.03	0	0	0	0	0	0	0	0	0	0	0	0	0	0	0	0	0	0	0	0	0	0	0	0	0	0	0	0	0	0	0	0	0	0	0	0	0	0	0	0.01	0	0	0	0	0	0	0	0	0	0	0	0	0	0	0	0	0	0	0	0	0	0	0	0	0	0	0	0	0	0	0
[Ruminococcus] gnavus group	0	0	0	0	0	0	0	0	0	0	0	0	0	0	0	0	0	0	0	0	0	0	0	0	0	0	0	0	0	0	0	0	0	0	0	0	0	0	0	0	0	0	0	0	0	0	0	0	0	0	0	0	0	0	0	0	0	0	0	0.3	0	0	0	0	0	0	0	0	0	0	0	0	0	0	0	0	0	0	0	0	0	0	0	0	0	0	0	0	0	0	0	0	0	0	0	0	0	0	0	0	0	0	0	0	0	0	0	0	0	0	0	0	0	0	0	0	0	0	0	0	0	0	0	0	0	0	0	0	0	0	0	0	0	0	0	0	0	0	0	0	0	0	0	0	0	0	0	0	0	0	0	0	0	0	0	0	0	0	0	0	0	0
Abiotrophia	0	0	0	0	0	0	0	0	0	0	0	0	0	0	0	0	0	0	0	0	0	0	0	0	0	0	0	0	0	0	0	0	0	0	0	0	0	0	0	0	0	0	0	0	0	0	0	0	0	0	0	0	0	0	0	0	0	1.02	0	0	0	0	0	0	0	0	0	0	0	0	0	0	0	0	0	0	0	0	0	0	0	0	0	0	0	0	0	0	0	0	0	0	0	0	0	0	0	0	0	0	0	0	0	0	0	0	0	0	0	0	0	0	0	0	0	0	0	0	0	0	0	0	0	0	0	0	0	0	0	0	0	0	0	0	0	0	0	0	0	0	0	0	0	0	0	0	0	0	0	0	0	0	0	0	0	0	0	0	0	0	0	0
Acetobacter	0	0	0	0	0	0	0	0	0	0	0	0	0	0	0	0	0	0	0	0	0	0	0	0	0	0	0	0	0	0	0	0	0	0	0	0	0	0	0	0	0	0	0	0	0	0	0	0	0	0	0	0	0	0	0	0	0	0	0	0	0	0	0	0	0	0	0	0	0	0	0	0	0	0	0	0	0	0	0	0	0	0	0	0	0	0	0	0	0	0	0	0	0	0.06	0	0	0	0	0	0	0	0	0	0	0	0	0	0	0	0	0	0	0	0	0	0	0	0	0	0	0	0	0	0	0	0	0	0	0	0	0	0	0	0	0	0	0	0	0	0	0	0	0	0	0	0	0	0	0	0	0	0	0	0	0	0	0	0	0	0	0	0
Acidaminococcus	0	0	0	0	0	0	0	0	0	0	0	0	0	0	0	0	0	0	0	0	0	0	0	0	0	0	0	0	0	0	0	0	0	0	0	0	0	0	0	0	0	0	0	0	0	0	0	0	0	0	0	0	0	0	0	0	0	0	0	0	0	0	0	0	0	0	0	0	0	0	0	0	0	0	0	0	0	0	0	0	0	0	0	0	0	0	0	0	0	0	0	0	0	0	0	0	0	0	0	0	0	0	0	0	0	0	0	0	0	0.04	0	0	0	0	0	0	0	0	0	0	0	0	0	0	0	0	0	0	0	0	0	0	0	0	0	0	0	0	0	0	0	0	0	0	0	0	0	0	0	0	0	0	0	0	0	0	0	0	0	0	0	0
Acinetobacter	0	0	0	0	0	0	0	0	0	0	0	0	0	0	0	0	0	0	0	0	0	0	0	0	0.23	0	0	0	0	0	0	0	0	0	0	0	0	0	0	0	0	0	0	0	0	0	0	0	0	0	0	0	0	0	0	0.02	0	0	0	0	0	0	0	0	0	0	0	0	0.1	0	0.16	0	0	0	0	0	0	0	0	0	0	0	0	0	0	0	0.17	0	0	0	0	0	0	0	0	0	0	0	0	0	0	0	0.02	0	0	0.08	0	0	0	0	0	0	0	0	0	0	0	0	0.06	0	0	0	0	0	0	0	0	0	0	0	0	0.63	0	0	0.01	0	0	0.13	0	0	0	0.27	0	0	0	0	0	0	0	0	0	0	0	0	0	0	0	0	0	0	0	0
Actinomyces	0	0	0	0	0	0	0	0	0	0	0	0	0	0	0	0	0	0	0	0	0	0	0	0	0	0	0	0	0	0	0	0.08	0	0	0	0	0	0	0	0	0	0	0	0	0	0	0	0.36	0.26	0	0	0	0	0	0	0	0	0.35	0	0	0.01	0	0	0	0	0	0	0	0	0	0	0	0	0	0	0	0	0	0	0	0	0	0	0.02	0	0.01	0.06	0	0	0	0	0	0	0	0	0	0	0	0	0	0	0	0	0	0	0	0	0	0	0.02	0	0	0	0	0	0	0	0	0	0	0	0	0.01	0	0	0	0	0	0	0	0	0	0	0	0	0	0	0	0.03	0	0	0	0	0	0	0	0	0	0	0	0	0	0	0	0	0	0	0	0	0	0	0
Actinotignum	0.72	2.6	3.55	0.69	1.02	0.72	1.09	0.74	1.07	3.11	1.1	0.18	0.61	0.36	0.26	0.44	6.41	0.27	1.01	0.31	0.4	0.49	0.06	3.94	0.3	2.31	0.4	0.55	0.95	2.08	2.23	0.28	0.83	1.33	2.37	0.24	0	0.55	1.12	0.85	1.94	0.38	0.87	0.22	3.42	0.3	0.87	0.43	1.3	0.33	1.22	1.31	0.33	0.38	2.44	0	1.24	1.33	0.53	2.31	0.97	0.23	1.14	0.89	0.29	1.14	8.4	1.12	2.02	17.06	1.58	1.69	1.09	0.47	4.97	0.34	14.97	2.01	0.59	4.11	0.5	0.24	0.83	0.83	0.24	1.21	0.46	1.97	2.04	0.49	0.98	0.63	1.35	3.2	4.24	7.14	2.7	2.11	2.96	0.1	6.2	5.82	0.77	1.63	0.55	1.62	0.81	9.36	0.18	2.05	2.49	1.01	0.06	0.53	0	0.44	1.21	3.59	1.77	1.72	0.87	0.19	4.92	1.13	2.76	0	2.17	3.52	9.03	1.03	2.97	0.35	0.25	1.32	0.18	0.62	1.43	1.91	0.95	0.59	8.86	1.96	2.31	0	1.89	4.79	0.99	0.13	1.45	0	3.58	1.12	4.05	2.72	8.13	1.2	0	1.48	2.9	1.48	0.69	1.47
Acutalibacter	0	0	0	0	0	0	0	0	0	0	0	0	0	0	0	0	0	0	0	0	0	0	0	0	0	0	0	0	0	0	0	0	0	0	0	0	0	0	0	0.04	0	0	0	0	0	0	0	0	0	0	0	0	0	0	0	0	0	0	0	0	0	0	0	0	0	0	0	0	0	0	0	0	0	0	0	0	0	0	0	0	0	0.02	0	0	0	0	0	0	0	0	0	0	0	0	0	0	0	0	0	0	0	0	0	0	0	0	0	0	0	0	0	0	0	0	0	0	0	0	0	0	0	0	0	0	0	0	0	0	0	0	0	0	0	0	0	0	0	0	0	0	0	0	0	0	0	0	0	0	0	0	0	0	0	0	0	0	0	0	0	0	0	0
Adhaeribacter	0	0.06	0	0	0	0	0	0	0	0	0	0	0	0	0	0	0	0	0	0	0	0	0	0	0	0	0	0	0	0	0	0	0	0	0	0	0	0	0	0	0	0	0	0	0	0	0	0	0	0	0	0	0	0	0	0	0	0	0	0	0	0	0	0	0	0	0	0	0	0	0	0	0	0	0	0	0	0	0	0	0	0	0	0	0	0	0	0	0	0	0	0	0	0	0	0	0	0	0	0	0	0	0	0	0	0	0	0	0	0	0	0	0	0	0	0	0	0	0	0	0	0	0	0	0	0	0	0	0	0	0	0	0	0	0	0	0	0	0	0	0	0	0	0	0	0	0	0	0	0	0	0	0	0	0	0	0	0	0	0	0	0
Aerococcus	0.27	0.9	2.39	0.31	0.15	0.26	0.09	0.64	0.84	0	0.53	0.09	0.1	0.04	0	0	1.67	0	0.08	0	0.08	0.21	0.05	0.06	0.05	2.08	0.21	0.03	0.07	0.16	0.15	0.06	0.24	0.33	0.75	1.56	0	0.03	0.11	0.45	0.04	0.05	0.48	0.08	1.89	4.6	0.23	0.14	0.14	0.31	0.04	0.39	0.12	0.02	0.84	0	0.2	0.36	0	0.77	0.31	0	0.13	0.24	0	0	0.06	0.29	0.19	0.19	0	0	0	0.03	0.08	0	1.39	1.26	0.06	0.49	0.16	0.17	0.09	0.27	0.05	0.15	0.19	0	0.12	0	0.3	0	0.41	0.63	0.1	0.14	1.11	0.36	0.9	0.11	10.92	9.11	0.34	0.29	0.19	0	0.47	0.19	0.09	0.67	0.55	0.14	0	9.83	0	0	0.32	0.04	0.45	0.24	0.13	0	0.24	0.12	0.53	0	0.18	2.19	0.06	0.16	0.02	0.2	0	0.1	0.02	0.11	0.06	0.14	0.31	0.25	0	0.94	0.2	0	0.35	0.26	0.04	0.02	0.27	0	1.35	0	0.38	1.24	2.96	0.84	0	0.09	1.1	0.92	0	0.56
Aeromonas	0	0	0	0	0	0	0	0	0	0	0	0	0	0	0	0	0	0	0	0	0	0	0	0	0	0	0	0	0	0	0	0	0	0	0	0	0	0	0	0	0	0	0	0	0	0	0	0	0	0	0	0	0	0	0	0	0	0	0	0	0	0	0	0	0	0	0	0	0	0	0	0	0	0	0	0	0	0	0	0	0	0	0	0	0	0	0	0	0	0	0	0	0	0.06	0	0	0	0	0	0	0	0	0	0	0	0	0	0	0	0	0	0	0	0	0	0	0	0	0	0	0	0	0	0	0	0	0	0	0	0	0	0	0	0	0	0	0	0	0	0	0	0	0	0	0	0	0	0	0	0	0	0	0	0	0	0	0	0	0	0	0	0
Aerosphaera	0.07	0.39	0.01	0	0.04	0	0.03	0.15	0.72	0.5	0.59	0.04	0.13	0.07	0.1	0.11	2.37	0.01	0.04	0.12	0.11	0.07	0	0.47	0.11	0	0.1	0.05	0.38	0.02	0.06	0.23	0.94	0	0.49	0.22	0	0.18	0.37	0.34	0.13	0.22	0	0.05	0.08	0.02	0.31	0.36	0.25	1.05	0.03	0	0.22	0.03	1.66	0.08	0.11	0.26	0.31	0.08	0	0.62	0.24	0	0	0	0.07	1.37	0.19	0	0.41	0.07	0.59	0.18	0.24	0	0.1	0.05	0.18	0.2	0	0.2	0.03	0.03	0.19	0.02	0.17	0	0.03	0	0.22	0	0.09	0	0.17	0.24	1.05	0.09	0	0.03	0	0.01	0	0	0.32	0.7	0.21	0.03	0.4	0.22	0	2.31	0.08	7.54	0	0.1	0.29	0	0.24	0	0.16	0.31	0.01	0.08	1.19	0.18	0.35	0.88	0.3	0.07	2.19	0.03	1.67	0.67	0	0.01	0.01	0.34	0.54	0.44	0.21	0.06	0.03	0.06	0.64	0.52	0.02	0.03	0.14	1.58	0.05	0.47	0.59	0.41	0	0.32	0	0.44	0.18	0.42	0.86	0.12
Afipia	0	0	0	0	0	0	0	0	0	0	0	0	0	0	0	0	0	0	0	0	0	0	0	0	0	0	0	0	0	0	0	0	0	0	0	0	0	0	0	0	0	0	0	0	0	0	0	0	0	0	0	0	0	0	0	0	0	0	0	0	0	0	0	0	0	0	0	0	0	0	0	0	0.04	0	0	0	0	0	0	0	0	0	0	0	0	0	0	0	0	0	0	0	0	0	0	0	0	0	0	0	0	0	0	0	0	0	0	0	0	0	0	0	0	0	0	0	0	0	0	0	0	0	0	0	0	0	0	0	0	0	0	0	0	0	0	0	0	0	0	0	0	0	0	0	0.06	0	0	0	0	0	0	0	0	0	0	0	0	0	0	0	0	0
Agathobacter	0	0	0	0	0	0	0	0	0	0	0	0	0	0	0	0	0	0	0	0	0	0	0	0	0	0	0	0	0	0	0	0	0	0	0	0	0	0	1.24	0	0	0	0	0	0	0	0	0	0	0	0	0	0	0	0	0	0	0	0	0	0	0	0	0	0	0	0	0	0	0	0	0	0	0	0	0	0.02	0	0	0	0	0	0	0	0	0	0	0	0	0	0	0	0	0	0	0	0	0	0	0	0.01	0	0	0	0	0	0	0	0	1.74	0	0	0	0	0	0	0	0	0	0	0	0	0	0	0	0	0	0	0	0	0	0	0	0	0	0	0	0	0	0	0	0	0	0	0	0	0	0	0	0	0	0	0	0	0	0	0	0	0	0	0	0
Agathobaculum	0	0	0	0	0	0	0	0	0	0	0	0	0	0	0	0	0	0	0	0	0	0	0	0	0	0	0	0	0	0	0	0	0	0	0	0	0	0	0	0	0	0	0	0	0	0	0	0	0	0	0	0	0	0	0	0	0	0	0	0	0	0	0	0	0	0	0	0	0	0	0	0	0	0	0	0	0	0	0	0	0	0	0	0	0	0	0	0	0	0	0	0	0	0	0	0	0	0	0	0	0	0	0	0	0	0	0	0	0	0.04	0	0	0	0	0	0	0	0	0	0	0	0	0	0	0	0	0	0	0	0	0	0	0	0	0	0	0	0	0	0	0	0	0	0	0	0	0	0	0	0	0	0	0	0	0	0	0	0	0	0	0	0
Alistipes	0	0	0	0	0	0	0	0	0	0	0	0	0	0	0	0	0	0	0	0	0	0	0	0	0	0	0	0	0	0	0	0	0	0	0	0	0	0	0	0	0	0	0	0	0	0	0	0	0	0	0	0	0	0	0	0	0	0	0	0	0	0	0	0	0	0	0	0	0	0	0	0	0	0	0	0	0	0	0	0	0	0	0	0	0	0	0	0	0	0	0	0	0	0	0	0	0	0	0	0	0	0	0	0	0	0	0	0	0	0.05	0	0	0	0	0	0	0	0	0	0	0	0	0	0	0	0	0	0	0	0	0	0	0	0	0	0	0	0	0	0	0	0	0	0	0	0	0	0	0	0	0	0	0	0	0	0	0	0	0	0	0	0
Allofustis	0	0	0	0	0	0	0	0	0	0	0	0	0	0	0	0	0	0	0	0	0	0	0	0	0	0	0	0	0	0	0	0	0	0	0	0	0	0	0	0	0	0	0	0	0	0	0	0	0	0	0	0	0	0	0	0	0	0	0	0	0	0	0	0	0	0	0	0	0	0	0	0	0	0	0	0	0	0	0	0	0	0	0	0	0	0	0	0	0	0	0	0	0	0	0	0	0	0	0	0	0	0	0	0	0	0	0	0	0	0	0	0	0	0	0	0	0	0	0	0	0	0	0	0	0	0	0	0	0	0	0	0	0	0	0	0	0	0	0	0	0.16	0	0	0	0	0	0	0	0	0	0	0	0	0	0	0	0	0	0	0	0	0
Altererythrobacter	0	0	0	0	0	0	0	0	0	0	0	0	0	0	0	0	0	0	0	0	0	0.01	0	0	0	0	0	0	0	0	0	0	0	0	0	0	0	0	0	0	0	0	0	0	0	0	0	0	0	0	0	0	0	0	0	0	0	0	0	0	0	0	0	0	0	0	0	0	0	0	0	0	0	0	0	0	0	0	0	0	0	0	0	0	0	0	0	0	0	0	0	0	0	0	0	0	0	0	0	0	0	0	0	0	0	0	0	0	0	0	0	0	0	0	0	0	0	0	0	0	0	0	0	0	0	0	0	0	0	0	0	0	0	0	0	0	0	0	0	0	0	0	0	0	0	0	0	0	0	0	0	0	0	0	0	0	0	0	0	0	0	0
Amaricoccus	0	0	0	0	0	0	0	0	0	0	0	0	0	0	0	0	0	0	0	0	0	0	0	0	0	0	0.01	0	0	0	0	0	0	0	0	0	0	0	0	0	0	0	0	0	0	0	0	0	0	0	0	0	0	0	0	0	0	0	0	0	0.09	0	0	0	0	0	0	0	0	0	0	0	0	0	0	0	0	0	0	0	0	0	0	0	0	0	0	0	0	0	0	0	0	0	0	0	0	0	0	0	0	0	0.17	0	0	0	0	0	0	0	0	0	0	0	0	0	0	0	0	0	0	0	0	0	0	0	0	0	0	0	0	0.12	0	0	0	0	0	0	0	0	0	0	0	0.2	0	0	0	0	0	0	0	0	0	0	0	0	0	0	0	0	0	0
Anaerobutyricum	0	0	0	0	0	0	0	0	0	0	0	0	0	0	0	0	0	0	0	0	0	0	0	0	0	0	0	0	0	0	0	0	0	0	0	0	0	0	0.24	0	0	0	0	0	0	0	0	0	0	0	0	0	0	0	0	0	0	0	0	0	0	0	0	0	0	0	0	0	0	0	0	0	0	0	0	0	0	0	0	0	0	0	0	0	0	0	0	0	0	0	0	0	0	0	0	0	0	0	0	0	0	0	0	0	0	0	0	0	0	0.11	0	0	0	0	0	0	0	0	0	0	0	0	0	0	0	0	0	0	0	0	0	0	0	0	0	0	0	0	0	0	0	0	0	0	0	0	0	0	0	0	0	0	0	0	0	0	0	0	0	0	0	0
Anaerococcus	9.54	1.3	2.47	1.06	2.68	6.94	0.56	3.05	3.18	4.22	1.46	0.49	0.71	2.65	3.3	3.89	0.58	2.73	9.15	10.23	0.19	0.39	16.69	0.93	2.76	0.54	2.89	10.15	1.28	0.91	0.72	1.11	21.89	0.44	17.81	1.1	4.99	1.35	3.58	9.19	0.8	1.67	5.59	5.44	1.87	0.4	0.6	10.98	9.25	0.33	0.39	0.4	1.78	0.55	0.69	10.31	0.72	1.17	1.72	1.84	0.41	3.86	0.79	0.1	1.49	1.75	1	0.48	1.06	0.22	3.96	0.35	4.22	0.37	0.92	0.46	0.32	3.33	0.51	10.59	2.4	5.81	1.08	0.6	4.22	3.2	5.39	8.37	3.46	1.54	5.49	3.74	0.79	0.67	3.24	7.14	2.12	1.12	1	5.29	0.18	0.55	0.25	4.6	1.74	2.19	4.2	1.55	2.81	0.83	1.27	10.35	0.22	1.8	1.1	1.36	0.92	0.7	1.68	1.49	1.74	8.18	2.73	5.45	3.26	3.06	1.06	1.38	9.18	1.51	5.51	13.49	19.41	6.9	0.65	2.25	0.91	1.93	1.06	1	3.8	2.49	0.15	20.11	1.5	1.88	0.27	0.2	1.96	2.04	3.07	5.93	2.12	2.65	0.64	2.56	22.94	0.9	1.73	1.48	1.72	2
Anaeroglobus	0	0	0	0	0	0	0	0	0	0	0	0	0	0	0	0	0	0	0	0	0	0	0	0	0	0	0	0	0	0	0	0	0	0	0	0	0	0	0	0	0	0	0.06	0.11	0	0	0	0	0	0	0	0	0	0	0	0	0	0	0	0	0	0	0	0	0	0	0	0	0	0	0	0	0	0	0	0	0	0	0	0	0	0	0	0	0	0	0	0	0	0	0	0	0	0	0	0	0	0	0	0	0	0	0	0	0	0	0	0	0	0	0	0	0	0	0	0	0	0	0	0	0	0	0	0	0	0	0	0	0	0	0	0	0	0	0	0	0	0	0.24	0	0	0	0	0	0	0	0	0	0	0	0	0	0	0	0	0	0	0	0	0	0	0
Anaerostipes	0	0	0	0	0	0	0	0	0	0	0	0	0	0	0	0	0	0	0	0	0	0	0	0	0	0	0	0	0	0	0	0	0	0	0	0	0.76	0	0	0	0	0	0	0	0	0	0	0	0	0	0	0	0.01	0	0	0	0	0	0	0	0	0	0	0	0	0	0	0	0	0	0	0	0	0	0	0	0	0	0	0	0	0	0	0	0	0	0	0	0	0	0	0	0	0	0	0	0	0	0	0	0	0	0	0	0	0	0	0	0	0.11	0	0	0	0	0	0	0	0	0	0	0	0	0	0	0	0	0	0	0	0	0	0	0	0	0	0	0	0	0	0.37	0	0	0	0	0	0	0	0	0	0	0	0	0	0	0	0	0	0	0	0	0	0
Aquabacterium	0	0	0	0	0	0	0	0	0	0	0	0	0	0	0	0	0	0	0	0	0	0	0	0	0.03	0	0	0	0	0	0	0	0	0	0	0	0	0	0	0	0	0	0	0	0	0	0	0	0	0	0	0	0	0	0	0	0	0	0	0	0	0	0	0	0	0	0	0	0	0	0	0	0	0	0	0	0	0	0	0	0	0	0	0	0	0	0	0	0	0	0	0	0	0	0	0	0	0	0	0	0	0	0	0	0	0	0	0	0	0	0	0	0	0	0	0	0	0	0	0	0	0	0	0	0	0	0	0	0	0	0	0	0	0	0	0	0	0	0	0	0	0	0	0	0	0	0	0	0	0	0	0	0	0	0	0	0	0	0	0	0	0
Arcanobacterium	0	0.37	0	0.09	0.88	0.07	0.62	1.1	0.77	0.67	0.18	0.39	0.44	0.44	0.37	0.14	1.48	0	0.4	0.08	0.11	0.09	0	0.22	0	0.63	0.16	1.79	0.23	0.94	1	0.15	0.12	0.23	0.31	0.08	0	0.11	0.39	0.25	0.15	0.2	0.08	0	0.08	0.16	0.22	0	0.18	0	1.35	0.14	0.07	1.12	0.62	0.09	0.18	0.29	0.33	0.53	0.21	0.08	0.18	0.34	0.29	0.32	0.48	0.1	0.46	0.06	0.6	0.29	0	0.26	0.07	0.18	0.51	0.45	0.15	1.04	1.18	0	0.2	0.13	1.71	0.13	0.43	0.17	0.7	0	0.97	0	0.89	0	0.09	0.74	0.89	0.85	1.31	0	0.05	0.05	0.17	0.6	0.74	0	0.12	0.13	2.37	0.17	0.35	0.75	0	0.21	0	0.13	0.26	0.06	0.13	0.23	0.96	0.1	0.48	0.2	0.82	0	0.51	0.96	0.64	0.53	0.34	0.12	0.07	0.07	0.1	0.05	0.04	0.4	0.36	0.72	0.43	0.41	1.62	0.19	0.25	0.21	0.12	0	0.48	0	0.41	0	0.26	0.26	0.45	0.57	0	0.58	0	0.54	0	0.57
Atopobiaceae	0	0	0	0	0	0	0	0	0	0	0	0	0	0	0	0	0	0	0	0	0	0	0	0	0	0	0	0	0	0	0	0	0	0	0	0	0	0	0	0	0	0	0	0	0	0	0	0	0	0	0	0	0	0.01	0	0	0	0	0	0	0	0	0	0	0	0	0	0	0	0	0	0	0	0	0	0	0	0	0	0	0	0	0	0	0	0	0	0	0	0	0	0	0	0	0	0	0	0	0	0	0	0	0	0	0	0	0	0	0	0	0	0	0	0	0	0	0	0	0	0	0	0	0	0	0	0	0	0	0	0	0	0	0	0	0	0	0	0	0	0	0	0	0	0	0	0	0	0	0	0	0	0	0	0	0	0	0	0	0	0	0	0
Atopobium	0	0	0	0	0	0	0	0	0.15	0	0.28	0	0	0	0	0	0	0	0	0	0	0.02	0	0	0	0	0.09	0	0	0	0	0.02	0	0	0	0	0	0.04	0	0	0.1	0.04	0	0	0.02	0	0.05	0	0	0	0.04	0	0	0.32	0	0	1.48	0.05	0	0	0	0	0.23	0.29	0	0	0.16	0	0.19	0	0	0.1	0	0	0	0	0.15	0	0.04	0.34	0	0	0	0	0	0	0	0	0.32	0	0	0	0.03	0	0	0	0.16	0.33	0.46	0	0	0	0	0	0.26	0	0	0	0	0.06	0	0	0	0	0	0	0	0.03	0	0	0.64	0.02	0	0	0.1	0	0	0	0	0	0.81	0	0	0	0	0	0	0	0.13	0	0	0	0	0	0	0	0	0	0	0	0.07	0	0.04	0	0.21	0	0	0.1	0	0	0	0.04
Aureimonas	0	0	0	0	0	0	0	0	0	0	0	0	0	0	0	0	0	0	0	0	0	0	0	0	0	0	0	0	0	0	0	0	0	0	0	0	0	0	0	0	0	0	0	0	0	0	0	0	0	0	0	0	0	0	0	0	0	0	0	0	0	0	0	0	0	0	0	0	0	0	0	0	0	0	0	0	0	0	0	0	0	0	0	0	0	0	0	0	0	0	0	0	0	0	0	0	0	0	0	0	0	0	0	0	0	0	0	0	0	0	0	0	0	0	0	0	0	0	0	0	0	0	0	0	0	0	0	0	0	0	0	0	0	0	0	0	0	0	0	0	0	0.03	0	0	0	0	0	0	0	0	0	0	0	0	0	0	0	0	0	0	0	0
Bacillus	0	0	0	0	0.24	0	0	0	0	0	0	0	0.24	0	0	0	0.14	0.11	0	0.13	0.19	0.17	0	0	0	0	0	0	0.32	0	0.09	0	0.12	0	0	0	0.49	0.18	0.68	0	0.2	0	0	0	0	0.43	0.18	0	0	0	0.12	0.21	0	0.09	0.16	0	0	0	0.15	0	0	0	0	0.15	0	0	0	0	0.5	0	0	0	0	0.23	0	0	0.35	0	0.22	0	0	1.17	0	0	0	0.18	0	0	0	0	0.04	0	0.2	0	0	0	0.83	0.11	0	0.62	0	0	0	0	0	0.59	0	0	0	0.28	0	0	0	0	0	0	0	0	0	0	0	0	0	0	0	4.23	0.96	0	0	0	0.13	0	0	0	0	0	0.11	0	0	0	0.16	0	0.16	0	0	0.57	9.96	17.66	0	1.12	0	0.4	0	0	0.45	0	0	0.52	0.48	0	8.47	0
Bacteroides	0	0	0	0	0	0	0	0	0	0	0	0	0	0	0	0	0	0	0	0	0.07	0	0	0	0.04	0	0	0	0	0	0	0	0	0	0.04	0	0	0	4.89	0.2	0	0	0.02	0	0	0	0	0	0.01	0	0	0	0	0	0	0	0	0	0	0	0	0	0	0	0	0	0	0	0	0	0	0	0	0	0	0	0	0	0	0	0	0	0	0	0.01	0.31	0.13	0	0	0	0	0	0	0	0	0	0	0.01	0	0	0	0	0	0	0	0	0.17	0	0	1.44	0	0	0	0.3	0	0	0	0	0	0	0	0	0	0	0	0	0	0	0	0	0	0	0	0	0	0	0	0.06	0	0	0	0	0	0	0	0	0	0	0	0	0	0	0	0.08	0	0	0	0	0	0	0	0
Bergeyella	0	0	0	0	0	0	0	0	0	0	0	0	0	0	0	0	0	0	0	0	0	0	0	0	0	0	0	0	0	0	0	0	0	0	0	0	0	0	0	0	0	0	0	0	0	0	0	0	0	0	0	0	0	0	0	0	0	0.09	0	0	0	0	0	0	0	0	0	0	0	0	0	0	0	0	0	0	0	0	0	0	0	0	0	0	0	0	0	0	0	0	0	0	0	0	0	0	0	0	0	0	0	0	0	0	0	0	0	0	0	0	0	0	0	0	0	0	0	0	0	0	0	0	0	0	0	0	0	0	0	0	0	0	0	0	0	0	0	0	0	0	0	0	0	0	0	0	0	0	0	0	0	0	0	0	0	0	0	0	0	0	0	0
Berryella	0	0	0	0	0	0	0	0	0	0	0	0	0	0	0	0	0	0	0	0	0	0	0	0	0	0	0	0	0	0	0	0	0	0	0	0	0	0	0	0	0	0	0	0	0	0	0	0	0	0	0	0	0	0.28	0	0	0	0	0	0	0	0	0	0	0	0	0	0	0	0	0	0	0	0	0	0	0	0	0	0	0	0	0	0	0	0	0	0	0	0	0	0	0	0	0	0	0	0	0	0	0	0	0	0	0	0	0	0	0	0	0	0	0	0	0	0	0	0	0	0	0	0	0	0	0	0	0	0	0	0	0	0	0	0	0	0	0	0	0	0	0	0	0	0	0	0	0	0	0	0	0	0	0	0	0	0	0	0	0	0	0	0
Bifidobacterium	2.42	0.08	0.4	0.06	0.89	0	0.09	0.72	0.21	0.15	0.09	0.08	0	0	0	0	0.11	0.03	0.54	0.13	1.3	0.2	0.24	0	0.05	0.09	0.01	0	0.15	0.94	0.06	0	0.08	2.29	0.27	0.05	6.79	0.14	15.37	3.14	2.21	0	0	0	0.04	57.3	0.05	0	0.14	0	0	0.04	0.16	0.04	0.1	0.04	0	0.17	0	0	3.03	0	0.03	0.03	0.15	0.23	0.04	0	0.27	0.03	0.08	0.05	0.09	0	0.04	0	0.1	2.6	2.76	0.79	0.12	0	0.29	0.25	2.04	0.07	0.41	0	0.62	0	2.59	0	0.1	0	0.03	0.05	0.51	0.1	0	0.48	0	0.05	0.06	2.21	0.79	0	0	0.03	0.04	1.06	0.13	0	0	0.06	0.15	0.06	0.37	0.31	0	0	0.57	0.2	0.02	1.12	0.05	0	0	0.36	0.46	0	0.06	0	0.28	0.11	0.06	2.34	0	0.27	0.09	5.09	0	0.08	1.23	0	0	0.16	0.06	0.05	3.06	0	2.26	0	0.29	0	0.41	2.48	0	0.52	0.17	4.61	0	4.47
Bilophila	0	0	0	0	0	0	0	0	0	0	0	0	0	0	0	0	0	0	0	0	0.02	0	0	0	0	0	0	0	0	0	0	0	0	0	0	0	0	0	0	0	0	0	0	0	0	0	0	0	0	0	0	0	0	0	0	0	0	0	0	0	0	0	0	0	0	0	0	0	0	0	0	0	0	0	0	0	0	0	0	0	0	0	0	0	0	0	0	0	0	0	0	0	0	0	0	0	0	0	0	0	0	0	0	0	0	0	0	0	0	0	0	0	0	0	0	0	0	0	0	0	0	0	0	0	0	0	0	0	0	0	0	0	0	0	0	0	0	0	0.04	0	0	0	0	0	0	0	0	0	0	0	0	0	0	0	0	0	0	0	0	0	0	0
Blastococcus	0	0	0	0	0	0	0	0	0	0	0	0	0	0	0	0	0	0	0	0	0	0	0	0	0	0	0	0	0	0	0	0	0	0	0	0	0	0	0	0	0	0	0	0	0	0	0	0	0	0	0	0	0	0	0	0	0	0	0	0	0	0	0	0	0	0	0	0	0	0	0	0	0	0	0	0	0	0	0	0	0	0	0	0	0	0	0	0	0	0	0	0	0	0	0	0	0	0	0	0	0	0	0.01	0	0	0	0	0	0	0	0	0	0	0	0	0	0	0	0	0	0	0	0	0.06	0	0	0	0.05	0	0	0	0.04	0	0	0	0	0	0	0	0	0	0	0	0	0	0	0	0	0	0	0	0	0	0	0	0	0	0	0	0	0	0
Blautia	0	0	0	0	0	0	0	0	0	0	0	0	0	0	0	0	0	0	0	0	0	0	0	0	0.09	0	0	0	0	0	0	0	0	0	0	0	0	0	0.87	0	0	0	0	0	0	0	0	0	0	0	0	0	0.13	0	0	0.01	0	0	0	0	0	0	0	0	0	0	0	0	0	0	0	0	0	0	0	0	0	0	0	0	0	0	0	0.05	0	0	0.24	0	0	0	0	0	0	0	0	0	0.06	0	0	0	0	0	0.19	0	0	0	0	0	0	1.19	0	0	0	0	0	0	0	0	0	0	0	0	0	0.06	0	0	0	0	0	0	0	0	0	0	0	0	0	0.44	0	1.04	0	0	0	0	0	0	0	0	0	0	0	0	0	0	0	0	0	0	0	0.04	0	0
Brachybacterium	0	0	0	0	0	0	0	0	0	0	0	0	0	0	0	0	0	0	0	0	0	0	0	0	0	0	0	0	0	0	0	0	0	0	0	0	0	0	0	0	0	0	0	0	0	0	0	0	0	0	0	0	0	0	0	0	0	0	0	0	0	0	0	0	0	0	0	0	0	0	0	0	0	0	0	0	0	0	0	0	0	0	0	0	0	0	0	0	0	0	0	0	0	0	0	0	0	0	0	0	0	0	0.04	0	0	0	0	0	0	0	0	0	0	0	0	0	0	0	0	0	0	0	0	0	0	0	0	0	0	0	0	0.12	0	0	0	0	0	0	0	0	0	0	0	0	0	0	0	0	0	0	0	0	0	0	0	0	0	0	0	0	0	0
Brevibacterium	0	0	0	0	0	0	0	0	0	0	0	0	0	0	0	0	0	0	0	0	0	0	0	0	0	0	0	0	0	0	0	0	0	0	0	0	0	0	0	0	0	1.95	0	0.03	0	0	0	0	0	0	0	0	0	0	0	0	0	0.05	0	0	0	0	0	0	0	0	0	0	0	0	0	0	0	0	0	0	0	0	0	0	0	0	0	0	0	0	0	0	0	0	0	0	0	0	0	0	0	0	0	0	0	0	0	0	0	0	0	0	0	0.02	0	0	0	0	0	0	0	0	0	0	0	0	0	0	0.03	0	0	0	0	0	0	0	0	0	0	0	0	0	0	0	0	0	0	0	0	0	0	0	0	0	0	0	0	0	0	0	0	0	0	0	0	0
Brevundimonas	0	0	0	0	0	0	0	0	0	0	0	0	0	0	0	0	0	0	0	0	0	0	0	0	0	0	0	0	0	0	0	0	0	0	0	0	0	0	0	0	0	0	0	0	0	0	0	0	0	0.18	0	0	0	0	0	0	0	0	0	0	0	0	0	0	0	0	0	0	0	0	0	0	0	0	0	0	0	0	0	0	0	0	0	0	0	0	0	0	0	0	0	0	0	0	0	0	0	0	0	0	0	0	0	0	0	0	0	0	0	0	0	0	0	0	0	0	0.02	0	0	0	0	0	0	0	0	0	0	0	0	0.16	0	0.01	0	0	0	0	0	0	0	0	0	0	0	0	0	0	0	0	0	0	0	0	0	0	0	0	0	0	0.05	0	0	0
Burkholderia-Caballeronia-Paraburkholderia	0	0	0	0	0	0	0	0	0	0	0	0	0	0	0	0	0	0	0	0	0	0	0	0	0	0	0	0	0	0	0	0	0	0	0	0	0	0	0	0	0	0	0	0	0	0	0	0	0	0	0	0	0	0	0	0	0	0	0	0	0	0	0	0	0	0	0	0	0	0	0	0	0	0	0	0	0	0	0	0	0	0	0	0	0	0	0	0	0	0	0	0	0	0	0	0	0	0	0	0	0	0	0	0	0	0	0	0	0	0	0	0	0	0	0	0	0	0	0	0	0	0	0	0	0	0	0	0	0	0	0	0	0	0	0	0	0	0	0	0	0	0	0	0	0	0	0	0	0	0	0	0	0	0	0	0.05	0	0	0	0	0	0
C39	0	0	0	0	0	0	0	0	0	0	0	0	0	0	0	0	0	0	0	0	0	0	0	0	0	0	0	0	0	0	0	0	0	0	0	0	0	0	0	0	0	0	0	0	0	0	0	0	0	0	0	0	0	0	0	0	0	0	0	0.05	0	0	0	0	0	0	0	0	0	0	0	0	0	0	0	0	0	0	0	0	0	0	0	0	0	0	0	0	0	0	0	0	0	0	0	0	0	0	0	0	0	0	0	0	0	0	0	0	0	0	0	0	0	0	0	0	0	0	0	0	0	0	0	0	0	0	0	0	0	0	0	0	0	0	0	0	0	0	0	0	0	0	0	0	0	0	0	0	0	0	0	0	0	0	0	0	0	0	0	0	0	0
CAG-352	0	0	0	0	0	0	0	0	0	0	0	0	0	0	0	0	0	0	0	0	0	0	0	0	0	0	0	0	0	0	0	0	0	0	0	0	0	0	0	0	0	0	0	0	0	0	0	0	0	0	0	0	0	0	0	0	0	0	0	0	0	0	0	0	0	0	0	0	0	0	0	0	0	0	0	0	0	0	0	0	0	0	0	0	0	0	0	0	0	0	0	0	0	0	0	0	0	0	0	0	0	0	0.05	0	0	0	0	0	0	0	0	0	0	0	0	0	0	0	0	0	0	0	0	0	0	0	0	0	0	0	0	0	0	0	0	0	0	0	0	0	0	0	0	0	0	0	0	0	0	0	0	0	0	0	0	0	0	0	0	0	0	0
CAG-56	0	0	0	0	0	0	0	0	0	0	0	0	0	0	0	0	0	0	0	0	0	0	0	0	0	0	0	0	0	0	0	0	0	0	0	0	0	0	0	0	0	0	0	0	0	0	0	0	0	0	0	0	0	0	0	0	0	0	0	0	0	0	0	0	0	0	0	0	0	0	0	0	0	0	0	0	0	0	0	0	0	0	0	0	0	0	0	0	0	0	0	0	0	0	0	0	0	0	0	0	0	0	0	0	0	0	0	0	0	0.08	0	0	0	0	0	0	0	0	0	0	0	0	0	0	0	0	0	0	0	0	0	0	0	0	0	0	0	0	0	0	0	0	0	0	0	0	0	0	0	0	0	0	0	0	0	0	0	0	0	0	0	0
Campylobacter	2.04	5.35	17.91	0.71	1.55	0.61	2.34	11.5	3.23	5.38	2.21	10.75	6.29	8.26	7.34	0.84	4.15	0.5	16.62	0.45	4.03	9.61	0.21	3.39	0.58	10.18	3.36	6.23	2.18	3.38	7.46	1.13	1.89	0.97	2.51	0.82	0.76	1.04	2.7	1.57	2.67	2.09	2.07	1.99	14.54	1.02	11.72	1.44	3.83	0.23	3.88	0.83	0.47	1.29	2.56	0.07	4.4	4.31	4.09	4.78	1.39	2.98	10.27	2.35	8.48	2.32	11.22	1.86	5.42	8.84	3.27	5.13	6.4	8.47	0.5	0.39	5.51	14.32	1.44	7.38	0.7	0.24	3.85	1.32	5.69	0.87	2.06	1.07	14.33	1.36	5.33	0.86	28.86	2.04	0.56	1.35	5.24	11.24	4.78	0.18	12.99	16.92	0.6	3.15	9.23	2.58	2.27	1.02	5.29	5.76	4.31	3.36	0.3	4.45	0.14	1.87	3.42	7.21	2.26	2.02	12.03	1.79	11.11	3.3	3.25	0.88	3.42	4.33	3.1	2.2	10.32	1.49	1.27	2.11	0.59	1.59	8.84	2.93	2.73	1.36	3.07	5.55	3.56	0.45	1.78	9.44	0.67	0.12	4.64	3.02	12.87	0.63	4.52	4.26	5.68	3.2	0.17	2.76	7.96	1.91	0.6	10.29
Capnocytophaga	0	0	0	0	0	0	0	0	0	0	0	0	0	0	0	0	0	0	0	0	0	0	0	0	0	0	0	0	0	0	0	0	0	0	0	0	0	0	0	0	0	0	0	0	0	0	0	0	0	0	0	0	0	0	0	0	0	0.57	0	0	0	0	0	0	0	0	0	0	0	0	0	0	0	0	0	0	0	0	0	0	0	0	0	0	0	0	0	0	0	0	0	0	0	0	0	0	0	0	0	0	0	0	0	0	0	0	0	0	0	0	0	0	0	0	0	0	0	0	0	0	0	0	0	0	0	0	0	0	0	0	0	0	0	0	0	0	0	0	0	0	0	0	0	0	0	0	0	0	0	0	0	0	0	0	0	0	0	0	0	0	0	0
Cardiobacterium	0	0	0	0	0	0	0	0	0	0	0	0	0	0	0	0	0	0	0	0	0	0	0	0	0	0	0	0	0	0	0	0	0	0	0	0	0	0	0	0	0	0	0	0	0	0	0	0	0	0	0	0	0	0	0	0	0	0.04	0	0	0	0	0	0	0	0	0	0	0	0	0	0	0	0	0	0	0	0	0	0	0	0	0	0	0	0	0	0	0	0	0	0	0	0	0	0	0	0	0	0	0	0	0	0	0	0	0	0	0	0	0	0	0	0	0	0	0	0	0	0	0	0	0	0	0	0	0	0	0	0	0	0	0	0	0	0	0	0	0	0	0	0	0	0	0	0	0	0	0	0	0	0	0	0	0	0	0	0	0	0	0	0
Cellulomonas	0	0	0	0	0	0	0	0	0	0	0	0	0	0	0	0	0	0	0	0	0	0	0	0	0	0	0	0	0	0	0	0	0	0	0	0	0	0	0	0	0	0	0	0	0	0	0	0	0	0	0	0	0	0	0	0	0	0	0	0	0	0	0	0	0	0	0	0	0	0	0	0	0	0	0	0	0	0	0	0	0	0	0	0	0	0	0	0	0	0	0	0	0	0	0	0	0	0	0	0	0	0	0	0	0	0	0	0	0	0	0	0	0	0	0	0	0	0	0	0	0	0	0	0	0	0.67	0	0	0	0	0	0	0	0	0	0	0	0	0	0	0	0	0	0	0	0	0	0	0	0	0	0	0	0	0	0	0	0	0	0	0	0
Cellulosimicrobium	0	0	0	0	0	0	0	0	0	0	0	0	0	0	0	0	0	0	0	0	0	0	0	0	0	0	0	0	0	0	0	0	0	0	0	0	0	0	0	0	0	0	0	0	0	0	0	0	0	0	0	0	0	0	0	0	0	0	0	0	0	0	0	0	0	0	0	0	0	0	0	0	0	0	0	0	0	0	0	0	0	0	0	0	0	0	0	0	0	0	0	0	0	0	0	0	0	0	0	0	0	0	0	0	0	0.12	0	0	0	0	0	0	0	0	0	0	0	0	0	0	0	0	0	0	0	0	0	0	0	0	0	0	0	0	0	0	0	0	0	0	0	0	0	0	0	0	0	0	0	0	0	0	0	0	0	0	0	0	0	0	0	0
Christensenellaceae R-7 group	0	0	0	0	0	0	0	0	0	0.08	0	0	0	0.01	0	0	0	0	0	0.03	0	0	0	0	0	0	0	0	0	0	0	0	0.02	0	0	0	0	0	0	0	1.59	0	0	0	0.02	0	0	0	0	0	0	0	0	0	0	0	0	0	0	0	0	0	0	0	0	0	0.01	0	0	0.03	0	0	0	0	0	0	0	0	0	0	0	0	0	0	0	0	0	0	0	0	0	0	0	0	0	1.06	0	0.18	0.09	0	0	0	0	0	0	0	0	0	0	0	0	0	0	0	0	0	0	0	0	0	0	0	0	0	0	0	0.07	0	0	0	0	0	0	0.03	0	0	0	0	0	0	0	0	0	0	0	0.07	0	0	0	0	0	0	0.06	0	0	0	0	0	0	0	0	0
Chryseobacterium	0	0	0	0	0	0	0	0	0	0	0	0	0	0	0	0	0	0	0	0	0	0	0	0	0	0	0	0	0	0	0	0	0	0	0	0	0	0	0	0	0	0	0	0	0	0	0	0	0	0	0	0	0	0	0	0	0	0	0	0	0	0	0	0	0	0	0	0	0.07	0	0	0	0	0	0	0	0	0	0	0	0	0	0	0	0	0	0	0	0	0	0	0	0	0	0	0	0	0	0	0	0	0	0	0	0	0	0	0	0	0	0	0	0	0	0	0	0	0	0	0	0	0	0	0	0	0	0	0	0	0	0	0	0	0	0	0	0	0	0	0	0	0	0	0	0	0	0	0	0	0	0	0	0	0	0	0	0	0	0	0	0	0
Clostridium	0	0	0	0	0	0	0	0	0	0	0	0	0	0	0	0	0	0	0	0	0	0	0	0	0	0	0	0	0	0	0	0	0	0	0	0	0	0	0.68	0.1	0	0	0	0	0	0	0	0	0	0	0	0	0	0	0	0.03	0	0	0	0	0	0	0	0	0	0	0	0	0	0	0	0	0	0	0	0	0	0	0	0	0	0	0	0	0	0	0	0	0	0	0	0	0	0	0	0	0	0	0	0	0	0	0.14	0	0	0	0	0	0	0	0	0	0	0	0	0	0	0	0	0	0	0	0	0.17	0	0	0	0	0	0	0	0	0	0	0	0	0	0.16	0	0	0	0	0	0	0	0	0	0	0	0	0	0	0	0	0	0	0	0	0	0	0	0
Colidextribacter	0	0	0	0	0	0	0	0	0	0	0	0	0	0	0	0	0	0	0	0	0	0	0	0	0	0	0	0	0	0	0	0	0	0	0	0	0	0	0	0.18	0	0	0	0	0	0	0	0	0	0	0	0	0	0	0	0	0	0	0	0	0	0	0	0	0	0	0	0	0	0	0	0	0	0	0	0	0	0	0	0	0	0	0	0	0	0	0	0	0	0	0	0	0	0	0	0	0	0	0	0	0	0	0	0	0	0	0	0	0	0	0	0	0	0	0	0	0	0	0	0	0	0	0	0	0	0	0	0	0	0	0	0	0	0	0	0	0	0	0	0	0	0	0	0	0	0	0	0	0	0	0	0	0	0	0	0	0	0	0	0	0	0
Collinsella	0	0	0	0	0	0	0	0	0	0	0.02	0	0	0	0	0	0	0	0	0	0.01	0	0	0	0	0	0	0	0	0	0	0	0	0	0	0	0	0	1.83	0.7	0	0	0	0	0	0	0	0	0.01	0	0	0	0	0	0	0	0	0	0	0	0	0	0	0	0	0	0	0	0	0	0	0	0	0	0	0	0	0	0.01	0	0.01	0	0	0	0.08	0	0.06	0	0	0	0	0	0.01	0	0	0	0.11	0	0	0	0	0	0	0	0	0	0	0	0	0.36	0	0	0	0	0	0	0	0	0	0	0	0.02	0	0	0	0	0	0	0	0	0	0	0	0	0	0	0	0	0.01	0	0	0	0	0	0	0	0	0	0	0	0	0	0	0	0	0	0	0	0	0	0	0
Coprococcus	0	0	0	0	0	0	0	0	0	0	0	0	0	0	0	0	0	0	0	0	0	0	0	0	0	0	0	0	0	0	0	0	0	0	0	0	0	0	0	0	0	0	0	0	0	0	0	0	0	0	0	0	0	0	0	0	0	0	0	0	0	0	0	0	0	0	0	0	0	0	0	0	0	0	0	0	0	0	0	0	0	0	0	0.01	0	0	0	0	0	0	0	0	0	0	0	0	0	0	0	0	0	0	0.01	0	0	0	0	0	0	0.17	0	0	0	0	0	0	0	0	0	0	0	0	0	0	0	0	0	0	0	0	0	0	0	0	0	0	0	0	0	0	0	0	0	0	0	0	0	0	0	0	0	0	0	0	0	0	0	0	0	0	0	0
Corynebacterium	8.38	12.94	0.19	37.56	1.53	23.45	1.19	1.79	6.24	3.47	8.28	2.09	2.37	1.74	1.04	16.18	1.04	9.6	0.8	19.51	0.51	8.94	16.17	1.71	2.27	1.99	3.4	0.95	2.64	0.79	1.88	35.18	13.22	10.66	10.4	5.01	14.14	1.98	4.8	3.16	1.33	28.62	2.89	0.33	1.59	0.57	2.75	16.48	13.67	13.5	3.37	15.25	10.79	0.37	1.68	16.49	2.66	7.62	2.27	11.43	6.01	13.22	0.47	10.75	6.24	24.19	1.79	3.54	3.96	2.93	7.32	3.87	5.6	1.69	3.55	63.12	1.16	6.27	14.28	0.86	1.58	15.48	1.67	7.54	1.21	18.62	6.03	1.5	1.08	24.1	4.44	8.15	1.85	15.65	12.08	2.55	2.99	1.18	1.38	3.29	12.75	16.46	1.84	3.7	3.32	7.32	27.58	2.04	1.81	11.46	6.02	5.4	0.42	14.48	5.54	4.1	15.08	0.34	9.93	2.17	1.55	3.15	1.98	8.45	2.71	4.87	6.04	7.8	0.84	6.72	2.23	17.22	11.9	22.44	14.2	55.2	0.68	11.59	12.6	6.74	2.83	6	0.72	3.02	11.5	4.34	1.55	0.39	7.46	2.3	4.8	2.21	8.63	7.19	11	3.48	7.19	2.56	8.53	3.3	4.47	8.82
Criibacterium	0	0	0	0	0	0	0	0	0	0	0	0	0	0	0	0	0	0	0	0	0	0	0	0	0	0	0	0	0	0	0	0	0	0	0	0	0	0	0	0	0	0	0	0	0	0	0	0	0	0	0	0	0	0.17	0	0	0	0	0	0	0	0	0	0	0	0	0	0	0	0	0	0	0	0	0	0	0	0	0	0	0	0	0	0	0	0	0	0	0	0	0	0	0	0	0	0	0	0	0	0	0	0	0	0	0	0	0	0	0	0	0	0	0	0	0	0	0	0	0	0	0	0	0	0	0	0	0	0	0	0	0	0	0	0	0	0	0	0	0	0	0	0	0	0	0	0	0	0	0	0	0	0	0	0	0	0	0	0	0	0	0	0
Delftia	0	0	0	0	0	0	0	0	0	0	0	0	0	0	0	0	0	0	0	0	0	0	0	0	0	0	0	0	0	0	0	0	0	0	0	0	0	0	0	0	0	0	0	0	0	0	0	0	0	0	0	0	0	0	0	0	0	0	0	0	0	0	0	0	0	0	0	0	0	0	0	0	0	0	0	0	0	0	0	0	0	0	0	0	0	0	0	0	0	0	0	0	0	0	0	0	0	0	0	0	0	0	0	0	0	0	0	0	0	0	0	0	0	0	0	0	0	0	0	0	0	0	0	0	0	0	0	0	0	0	0	0	0	0	0	0	0	0	0	0	0	0	0	0	0	0	0	0	0	0.2	0	0	0	0	0	0	0	0	0	0	0	0
Dermabacter	0	0	0.01	0.08	0.05	0.01	0.01	0.02	0	0	0.02	0	0	0	0	0.08	0	0	0.01	0	0	0.01	1.03	0	0	0	0	0	0	0	0.01	0.1	0	0	0.02	0	0	0.04	0	0.11	0	0.23	0	0	0.01	0.02	0.04	0	0	0	0.05	0.04	0.48	0	0	0	0	0.05	0.05	0.08	0	0.01	0	0	0.06	0.02	0.01	0.02	0	0	0.07	0.02	0.24	0	0.04	2.31	0.02	0.03	0	0	0	0	0	0.04	0.01	0.64	0	0	0.01	0	0	0.36	0	0	0.3	0.02	0	0	0	0	0	0.02	0	0	0.07	0	0	0	0	0	0.06	0	0	0	0	0.01	0.07	0	0.01	0	0.01	0	0	0.04	0.02	0	0	0	0	0.11	0	0.03	0.03	0.04	0	0.03	0	0	0.02	0.09	0	0	0	0	0.21	0	0.02	0	0.07	0	0	0	0.06	0.05	0	0	0.15	0	0	0	0	0.19
Dermacoccus	0	0	0	0	0	0	0	0	0	0	0	0	0	0	0	0	0	0	0	0	0	0	0	0	0	0	0	0	0	0	0	0	0	0	0	0	0	0	0	0	0	0	0	0	0	0	0	0	0	0	0	0	0	0	0	0	0	0	0	0	0	0	0	0	0	0	0	0	0	0	0	0	0	0	0	0	0	0	0	0	0	0	0	0	0	0	0	0	0	0	0	0	0	0	0	0	0	0	0	0	0	0	0.07	0	0	0.21	0	0	0	0	0	0	0	0	0	0	0	0	0	0	0	0	0	0.42	0	0	0	0	0	0	0	0	0	0	0	0	0	0.31	0	0	0	0	0	0	0	0	0	0	0	0	0	0	0	0	0	0	0	0	0	0	0	0
Dialister	0	0.87	0.29	0.23	0.2	0.21	2.87	0.71	1.15	0.9	0.37	3.59	2.8	0.71	0.45	0.44	0.28	2	0.25	0.75	1.42	2.27	0.01	1.95	0.32	1.68	1.98	2.51	0.49	0.56	0.66	0.37	0.31	0.25	0.69	1.62	0	0.5	0.62	0.35	4.57	0.55	3.01	2.68	0.53	0.15	0.39	0.19	0.15	0	0.45	0.28	0.19	5.45	1.57	0.13	0.43	0.56	1.61	1.35	0.3	3	0.94	2.42	0.48	0.8	0.95	2.7	0.87	1.92	1.87	1.53	0.54	2.21	3.2	0.51	0.23	0.82	0.36	0.64	1.19	0.16	1.51	0.37	0.38	0.24	1.19	0.74	2.74	0.39	0.82	0.5	0.87	0.87	0.16	1.47	1.41	0.38	0.24	0.07	0.13	0.21	0.53	1.31	1.88	1.17	0.19	2.37	3.09	0.7	0.92	1.39	0	0.18	0	5.11	0.75	2.57	0.75	0.36	0.84	1.76	0.09	0.57	1.12	0.88	1.14	0.84	0.12	1.31	0.68	0.35	0.74	0.32	0.41	0.28	0.22	1.16	2.02	1.07	0.34	1.36	0.55	0.14	0.95	1.34	0.24	0.07	0.62	3.35	0.59	3.35	0.85	0.79	1.16	1.23	0.2	1.67	1.05	0.71	1.29	0.84
Dietzia	0	0	0	0	0	0	0	0	0	0	0	0	0	0	0	0	0	0	0	0	0	0	0	0	0	0	0	0	0	0	0	0	0	0	0	0	0	0	0	0	0	0	0	0	0	0	0	0	0	0	0	0	0	0	0	0	0	0	0	0	0	0	0	0	0	0	0	0	0	0	0	0	0	0	0	0	0	0	0	0	0	0	0	0	0	0	0	0	0	0	0	0	0	0	0	0	0	0	0	0	0	0	0	0	0	0	0	0	0	0	0	0	0	0	0	0	0	0	0	0	0	0	0	0.04	0	0	0	0	0	0	0	0	0	0	0	0	0	0	0	0	0	0	0	0	0	0	0	0	0	0	0	0	0	0	0	0	0	0	0	0	0	0
Dolosigranulum	0	0	0	0	0	0	0	0	0	0	0	0	0	0	0	0	0	0	0	0	0	0	0	0	0	0	0	0	0	0	0	0	0	0	0	0	0	0	0	0	0	0	0	0	0	0	0	0	0	0	0	0	0	0	0	0	0	0	0	0	0	0	0	0	0	0	0	0	0	0	0	0	0	0	0	0	0	0	0	0	0	0	0	0	0	0	0	0	0	0	0	0	0	0	0	0	0	0	0	0	0	0	0	0	0	0	0	0	0	0	0	0	0	0	0	0	0	0	0	0	0	0	0	0	0	0	0	0	0	0	0	0	0	0	0	0	0	0.18	0	0	0	0.12	0	0	0	0	0	0	0	0	0	0	0	0	0	0	0	0	0	0	0	0
Dorea	0	0	0	0	0	0	0	0	0	0	0	0	0	0	0	0	0	0	0	0	0	0	0	0	0	0	0	0	0	0	0	0	0	0	0	0	0	0	0	0	0	0	0	0	0	0	0	0	0	0	0	0	0	0	0	0	0	0	0	0	0	0	0	0	0	0.08	0	0	0	0	0	0	0	0	0	0	0	0	0	0	0	0	0	0.1	0	0	0	0	0	0	0	0	0	0	0	0	0	0	0	0	0	0	0	0	0	0	0	0	0	0.19	0	0	0	0	0	0	0	0	0	0	0	0	0	0	0	0	0	0	0	0	0	0	0	0	0	0	0	0	0	0	0	0	0	0	0	0	0	0	0	0	0	0	0	0	0	0	0	0	0	0	0	0
Dyadobacter	0	0	0	0	0	0	0	0	0	0	0	0	0	0	0	0	0	0	0	0	0	0	0	0	0	0	0	0	0	0	0	0	0	0	0	0	0	0	0	0	0	0	0	0	0	0	0	0	0	0	0	0	0	0	0	0	0	0	0	0	0	0	0	0	0	0	0	0	0	0	0	0	0	0	0	0	0	0	0	0	0	0	0	0	0	0	0	0	0	0	0	0	0	0	0	0	0	0	0	0	0	0	0	0	0	0	0	0	0	0	0	0	0	0	0	0	0	0	0	0	0	0	0	0	0	0	0	0	0	0	0	0	0	0	0	0	0	0	0	0	0	0	0	0	0	0	0	0	0	0	0	0	0	0	0	0	0	0	0	0	0	0.03
Eggerthella	0	0	0	0	0	0	0	0	0	0	0	0	0	0	0	0	0	0	0	0	0	0	0	0	0	0	0	0	0	0	0	0	0	0	0	0	0	0	0	0.24	0	0	0	0	0	0	0	0	0	0	0	0	0	0	0	0	0	0	0	0	0	0	0	0	0	0	0	0	0	0	0	0	0	0	0	0	0	0	0	0	0	0	0	0	0	0	0	0	0	0	0	0	0	0	0	0	0	0	0	0	0	0	0	0	0	0	0	0	0	0	0	0	0	0	0	0	0	0	0	0	0	0	0	0	0	0	0	0	0	0	0	0	0	0	0	0	0	0	0	0	0	0	0	0	0	0	0	0	0	0	0	0	0	0	0	0	0	0	0	0	0	0
Eikenella	0	0	0	0	0	0	0	0	0	0	0	0	0	0	0	0	0	0	0	0	0	0	0	0	0	0	0	0	0	0	0	0	0	0	0	0	0	0	0	0	0	0	0	0	0	0	0	0	0	0	0	0	0	0	0	0	0	0.22	0	0	0	0	0	0	0	0	0	0	0	0	0	0	0	0	0	0	0	0	0	0	0	0	0	0	0	0	0	0	0	0	0	0	0	0	0	0	0	0	0	0	0	0	0	0	0	0	0	0	0	0	0	0	0.04	0	0	0	0	0	0	0	0	0	0	0	0	0	0	0	0	0	0	0	0	0	0	0	0	0	0	0	0	0	0	0	0	0	0	0	0	0	0	0	0	0	0	0	0	0	0	0	0	0
Enhydrobacter	0	0	0	0	0	0	0	0	0	0	0	0	0	0	0	0	0	0	0	0	0	0	0	0	0.2	0	0	0	0	0	0	0.07	0	0	0	0	0	0	0	0	0	0	0	0	0	0	0	0	0	0.28	0	0	0	0	0	0.03	0	0.02	0	0	0.08	0	0	0	0	0	0	0	0	0	0	0	0	0	0	0	0	0	0	0	0	0	0	0	0	0	0.72	0	0	0	0	0	0	0	0	0	0	0	0	0	0	0	0.1	0	0	0.49	0	0	0	0	0.25	0	0	0	0	0.01	0	0	0	0	0	0	0	0.02	0	0	0	0	0	0.48	0	0.09	0	0	0	0	0	0.94	0	0	0	0	0	0	0	0	0	0	0	0	0	0	0	0	0	0	0	0	0	0	0	0
Enteractinococcus	0	0	0	0	0	0	0	0	0	0	0	0	0	0	0	0	0	0	0	0	0	0	0	0	0	0	0	0	0	0	0	0	0	0	0	0	0	0	0	0	0	0	0	0	0	0	0	0	0	0	0	0	0	0	0	0	0	0	0	0	0	0	0	0	0	0	0	0	0	0	0	0	0	0	0	0	0	0	0	0	0	0	0	0	0	0	0	0	0	0	0	0	0	0	0	0	0	0	0	0	0	0	0	0	0	0	0	0	0	0	0	0	0	0	0	0	0	0	0	0	0	0	0	0	0	0	0	0	0	0	0	0.06	0	0	0	0	0	0	0	0	0	0	0	0	0	0	0	0	0	0	0	0	0	0	0	0	0	0	0	0	0	0
Enterobacter	0	0	0	0	0	0	0	0	0	0	0	0	0	0	0	3.44	0	0	0	0	0	0	0	0	0	0	0	0	0	0	0	0	0	0	0	0	0	0	0	0	0	0	0	0	0	1.07	0	0	0	0	0	0	0	0	0	0	0	0	0	0	0	0	0	0	0	0	0	0	0	0	0	0	0	0	0	0	0	0	0	0	0	0	0	0	0	0	0	0	0	0	0	0	0	0	0	0	0	0	0	0	0	0	0	0	0	0	0	0	0	0	0	0	0	0	0	0	0	0	0	0	0	0	0	0	0	0	0	0	0	0	0	0	0	0	0	0	0	0	0	0	0	0	0	0	0	0	0	0	0	0	0	0	0	0	0	0	0	0	0	0	0	0
Enterocloster	0	0	0	0	0	0	0	0	0	0	0	0	0	0	0	0	0	0	0	0	0	0	0	0.06	0	0	0.02	0	0	0	0	0	0	0	0	0	0	0	0.23	0.01	0	0	0	0	0	0	0	0	0	0	0	0	0	0	0	0	0	0	0	0	0	0	0	0	0	0	0	0	0	0	0	0	0	0	0	0	0	0	0	0	0	0	0	0	0	0	0	0	0	0	0	0	0	0	0	0	0	0	0	0	0	0	0	0	0	0	0	0	0	0.1	0	0	0	0	0	0	0	0	0	0	0	0	0	0	0	0	0	0	0	0	0	0	0	0	0	0	0	0	0	0	0	0	0	0	0	0	0	0	0	0	0	0	0	0	0	0	0	0	0	0	0	0
Enterococcus	0	0.1	0.59	0.22	0.11	0.02	0.05	0.05	0.46	0	0.01	0.61	0.77	0.02	0	0.16	0.26	0.03	0.01	0.07	0.23	0.05	0	0.49	0.04	0.06	0	0	0.38	0.04	0.14	0.01	0.09	0	0	0.12	4.85	2.46	0.5	6.17	0.06	0.09	0.2	0.13	0.36	0.41	0.11	0	0.08	0.03	0.07	0.15	0.06	0.04	0.21	0.01	0.1	0.19	0.21	0	0.18	0.01	0.17	0.11	0	0.25	0.41	0.08	0.29	0.45	0	0.05	0.26	0.06	0.53	1.98	0.15	0	0.16	0.11	0.16	0.32	1.74	4.04	0.39	0.52	0	0	0.06	0	0.08	0	0.08	0.55	0.02	0.03	0.69	0.06	0.02	0.13	0	0.04	0.02	0	0	0.78	0.03	0.01	0.07	0.16	0.27	0.1	0	0.54	0	0	0.09	0.01	0.35	0	0	0	0.15	0	0.01	0.96	0.21	0.54	0	0	0.05	0	0	0.08	0.05	0.07	0.07	0	0.12	0.14	0	0	0.09	0	0.42	0.25	4.88	3.6	0.25	0	0	0	0.04	0.1	0.33	0	0.03	0.28	0	0.08	1.12	0.07
Eremococcus	0	0	0	0	0	0	0	0	0	0	0	0	0	0	0	0	0	0	0	0	0	0	0	0	0	0	0	0	0	0	0	0	0	0	0	0	0	0	0	0	0	0	0	0	0	0	0	0	0.04	0	0	0	0	0	0	0	0	0	0	0	0	0	0	0	0	0.21	0	0	0	0	0	0	0	0	0	0.07	0	0	0	0	0	0	0	0	0	0	0	0	0	0	0	0	0	0	0	0	0	0	0	0	0	0	0	0	0	0	0	0	0	0	0	0	0	0	0	0	0	0	0	0	0	0	0	0	0	0	0	0	0	0	0	0	0	0	0	0	0	0	0	0	0	0	0	0	0	0	0	0	0	0	0	0	0	0	0	0	0	0	0	0	0	0
Erysipelotrichaceae UCG-003	0	0	0	0	0	0	0	0	0	0	0	0	0	0	0	0	0	0	0	0	0	0	0	0	0	0	0	0	0	0	0	0	0	0	0	0	0	0	0	0	0	0	0	0	0	0	0	0	0	0	0	0	0.02	0	0	0	0	0	0	0	0	0	0	0	0	0	0	0	0	0	0	0	0	0	0	0	0	0	0	0	0	0	0	0	0	0	0	0	0	0	0	0	0	0	0	0	0	0	0	0	0	0	0	0	0	0	0	0	0	0.15	0	0	0	0	0	0	0	0	0	0	0	0	0	0	0	0	0	0	0	0	0	0	0	0	0	0	0	0	0	0.15	0	0	0	0	0	0	0	0	0	0	0	0	0	0	0	0	0	0	0	0	0	0
Escherichia-Shigella	0	0.9	0	0.74	0.1	0.18	0.01	0	0.15	0.78	0.53	0.03	0.25	0.21	0.05	1.84	0.18	0.1	0	0.06	0.4	0.15	0	0.18	0.04	0.12	0.1	0	0.55	0.04	0.47	0	0.25	0.73	0	0.18	0.9	0.6	0.82	0	0.19	0.04	0.47	0	0.03	0.33	0.23	0	0	0.2	0.07	1	0.27	0.15	0.31	0	0.17	0	0.19	0	0	0.07	0.05	0.11	0	0.4	0	0	0.58	0.17	0	0.11	0.16	0.18	0.02	0	0.74	0.39	15.89	0	0.22	0.95	1.41	1.36	0.06	0.13	0.1	0.04	0	0	0	0.53	0.6	1.74	0.06	0.06	1.03	0.91	0.1	0.27	0.15	0.07	0.31	0	0.03	0.57	7.26	18.03	0	0.45	0	0.03	0	0.06	0	0	0.1	0	0	0.31	0	0.06	0	0.26	0.05	1.69	2.99	1.02	0.01	0	0.22	0	0	0	0.04	0	0.08	0	0.16	0	0.16	0.04	0.3	0	0.55	1.04	12.19	14.45	0.39	0.53	0	0.38	0.18	0.24	0.47	0	0	1	1.31	0.3	7.65	0
Ezakiella	5.65	8.22	13.17	1.68	18.11	1.65	6.32	15.9	6.63	10.62	3.11	8.7	10.72	8.89	9.47	3.2	19.77	2.61	24.3	1.63	1.25	2.71	4.81	0.17	0.86	19.3	2.18	15.25	3.01	9.38	14.2	2.37	3.71	3.04	6.24	5.02	3.47	1.74	4.96	2.05	2.24	4.19	17.01	31.6	11.18	2.08	3.61	0.7	3.24	0.33	15.44	3.45	0.79	3.19	2.19	0.07	2.68	4.19	9.2	6.61	2.24	1.82	5.22	1.54	9.4	6.76	1.42	14.8	8.88	1.5	8.48	11.49	4.93	2.77	8.8	1.73	12.96	8.63	2.08	2.73	12.27	0.29	5	1.8	0.43	1.89	6.19	1.35	18.28	4.21	11.74	5.07	3.66	6.52	0.76	2.97	8.22	17.48	27.22	0.74	2.71	1.96	1.34	8.75	9.84	7.91	0.91	1.97	16.94	3.14	6.7	6.58	0.37	0.89	0.48	0.83	2.55	1.78	3.39	3.81	19.68	0.71	10.74	4.14	1.21	2.71	7.09	8.79	28.69	7.73	13.59	1.7	1	1.25	0.98	1.36	10.18	5.27	2.39	6	21.17	4.97	22.68	5.47	2.94	6.57	2.97	0.28	8.63	7.03	8	13.46	3.27	8.59	6.76	5.27	1.85	3.92	7.67	4.52	3.65	9.81
Facklamia	0	0	0	0	0.04	0	0	0	0	0	0	0	0	0	0.08	0	0	0.1	0	0	0	0	0	0	0	0	0	0	0	0	0	0.06	0	0	0.21	0	0	0	0	0	0	0	0	0	0	0.06	0	0	0	0	0	0	0	0	0	0	0	0	0.04	0	0	0	0	0	1.04	0	0	0	0	0	0	0.02	0	0	0	0.02	0	0.13	0	0.03	0	0	0	0	0	0	0	0	0	0	0	0	0.4	0	0	0	0	0	0	0	0	0	0	0.19	0	0	0	0	0	0	0	0	0	0.47	0	0.02	0	0.05	0	0	0	0	0	0	0	0	0	0	4.94	0.05	0	0	0	0	0	0	0.07	0	0	0.06	0	0	0	0	0	0	0	0	0.15	0	0.37	0	0	0	0.11	0.16	0	0	0	0	0	0.05
Faecalibacterium	0	0	0	0	0	0	0	0	0	0	0	0	0	0	0	0	0	0	0	0	0	0	0	0	0.03	0	0	0	0.02	0	0	0	0	0	0	0	0.97	0	0.46	0.1	0	0	0	0	0	0	0	0	0	0	0	0	0	0	0	0	0	0	0	0	0	0	0	0	0	0.21	0	0	0	0	0	0	0	0	0	0	0.02	0	0.01	0	0	0	0	0	0	0	0	0	0	0	0	0	0	0	0	0	0	0.01	0	0	0	0	0.07	0	0	0	0	0	0	1.45	0	0	0	0	0	0	0	0	0	0	0	0	0	0	0	0	0	0	0	0	0.01	0	0	0	0	0	0	0	0	0.14	0	0	0	0	0	0	0	0	0	0	0	0	0	0	0	0	0	0	0	0	0	0
Faecalimonas	0	0	0	0	0	0	0	0	0	0	0	0	0	0	0	0	0	0	0	0	0	0	0	0	0	0	0	0	0	0	0	0	0	0	0	0	0	0	0	0	0	0	0	0	0	0	0	0	0	0	0	0	0	0	0	0	0	0	0	0	0	0	0	0	0	0	0	0	0	0	0	0	0	0	0	0	0	0	0	0	0	0	0	0	0	0	0	0	0	0	0	0	0	0	0	0	0	0	0	0	0	0	0	0	0	0	0	0	0	0.04	0	0	0	0	0	0	0	0	0	0	0	0	0	0	0	0	0	0	0	0	0	0	0	0	0	0	0	0	0	0	0	0	0	0	0	0	0	0	0	0	0	0	0	0	0	0	0	0	0	0	0	0
Family XI	0.54	0.49	0	0.09	0.57	0	0.79	0	0.45	0.06	0.19	0	0.18	0.18	0	0.09	0.03	0.01	0.01	0.11	2.51	0.11	0.01	0	0.01	0	3.67	0.08	0.33	2.69	3.22	0.13	0.74	0.21	0.03	0.11	0.07	0.18	0.7	0	0.14	0.25	0.05	0.01	0.02	0.18	0.16	0.01	0	0	1.86	0.14	0.12	0.08	0.18	0	0.23	0.22	0.73	0	0.17	0.11	0	0.05	0	0.55	0	0	0.98	0	0.04	1.43	0.01	1.95	0	0	2.16	0.4	0.35	2.31	0	0	0.29	0.11	2.56	0.14	0.4	0.01	0.01	0.06	0.18	0.03	0.26	0	0.01	0.01	0.64	3.83	2.29	0.01	0	0.04	0.1	0.05	0	0	0.13	0.1	0.09	0.25	0.36	0.01	0	0	0	0.08	0	0.08	0	0	0.4	0.01	0	0.28	0.12	0.03	0.52	0	3.22	0.53	2.39	0.12	0.02	0	0.13	0	0	0	0.1	0.52	0.35	0.03	0.71	0.01	0	0.67	0.2	0.09	0.43	0.07	0.03	0	0.06	0	0	0.27	0.01	0.72	0.59	0.58	0.09	0.01
Fannyhessea	0	0	0	0	0	0	0	0	0	0	0	0	0	0	0	0	0	0	0	0	0	0	0	0	0	0	0	0	0	0	0	0	0	0	0	0	0	0	0	0	0	0	0	0.06	0	0	0	0	0	0	0	0	0	0	0	0	0	0	0	0	0	0	0	0	0	0	0	0	0	0	0	0	0	0	0	0	0	0	0	0	0	0	0	0	0	0	0	0	0	0	0	0	0	0	0	0	0	0	0	0	0	0	0	0	0	0	0	0	0	0	0	0	0	0	0	0	0	0	0	0	0	0	0	0	0	0	0	0	0	0	0	0	0	0	0	0	0	0	0	0	0	0	0	0	0	0	0	0	0	0	0	0	0	0	0	0	0	0	0	0	0	0
Fastidiosipila	0	0.18	0.73	0.06	0.07	0.06	0.11	0.19	0.22	0.53	0.07	0.08	0.09	0.23	0.27	0.05	1.38	0.03	1.57	0.13	0.16	0.03	0	0.03	0	0.14	0.06	0.24	0.05	0.27	0.47	0	0.16	0.06	0.25	0.05	0	0.01	0	0.07	4.62	0.02	0.13	0	0.54	0.05	0.13	0	0.18	0	0.27	0.09	0.05	0.57	0.21	0	0.78	0.17	2.93	0.27	0	0.2	0.1	0.18	0	0.11	0.09	0.12	0	0.09	0.27	0.55	0.2	0.09	0.04	0.03	0.27	0.36	0.03	0.99	0.89	0	0.07	0.12	0.09	0.06	0	0	0.72	0	0.38	0.23	1.22	0.12	0.04	4.5	0.15	0.02	0	0	4.14	3.6	0.1	0.26	0.05	0.21	0.15	0.07	0.07	0.26	0	0.09	0.02	1.4	0	0.01	0.12	0.03	0.18	0.18	0.08	0.12	0.93	0.07	0.4	0	0.23	0.45	0.73	0	0.33	0.07	0.02	0.09	0	0.03	0.04	0.08	0.09	0.07	0.59	0.32	0.58	0	0.06	0.37	0.12	0	0.21	0	0.43	0.09	0.27	0.52	0.91	0.18	0	0	0.68	0.19	0	0.11
Fenollaria	1.81	1.9	10.75	0.24	0.77	0.57	0.31	13.19	2.75	4.45	1.67	0.66	0.83	1.33	0.95	1.36	1.23	8.31	0.59	6.51	14.43	3.78	0.23	1.54	0.59	1.65	9.99	0.55	3.73	1.33	1.9	0.91	1.4	0.78	1.42	7.73	3.47	2.03	4.43	0.59	6.25	2.02	0.41	1.39	10.78	0.9	4.7	1.44	2.21	0.72	0.28	0.27	0.94	10.58	10.32	1.44	3.69	1.89	14.48	4.57	1.59	0.24	1.24	26.67	7.37	4.47	1.05	13.83	4.83	0.34	1.44	1.56	1.59	2.5	0.45	0.58	2.59	3.63	1.13	8.63	0.53	0.58	8.4	0.75	6.37	0.42	4.57	1.27	0.74	1.6	5.38	5.93	11.18	1.05	1.53	0.72	5.5	4.34	8.3	0.15	0.46	0.54	0.45	3.93	5.21	11.89	2.11	0.34	0.23	4.26	2.28	13.85	0.11	1.39	0.16	0.33	2.31	0.58	2.65	0.23	1.06	15.52	7.74	1.37	22.34	1.87	5.07	1.01	0.54	1.79	4.49	0.6	0.23	0.52	0.9	0.4	13.34	1.43	7.24	2.16	5.77	7.09	2.09	6.33	3.69	3.96	1.41	0.32	2.05	2.24	5.76	1.5	3.91	6.6	4.87	2.26	0.39	3.68	8.03	5.48	3.39	2.36
Finegoldia	16.86	1.01	0.64	13.36	1.92	4.88	0.34	1.27	2.57	3.55	2.94	1.36	1.91	0.9	0.89	0.51	0.81	5.83	1.44	16.15	0.18	4.32	21.33	1.55	1.22	0.29	2.47	1.97	1.91	0.17	0.57	0.56	18.27	0.54	11.2	0.99	10.81	1.74	5.96	15.1	0.38	0.49	1.76	1.99	0.38	0.33	2	16.77	17.52	1.66	0.76	3.77	2.07	0.32	1.05	23.53	4.51	1.07	0.25	1.03	0.69	7.96	7.47	0.1	0.56	2.68	1.36	0.76	3.32	0.33	4.19	0.71	11.88	0.56	0.86	3.17	0.73	4.69	9.73	1.06	2.82	7.75	2.35	1.83	3.44	14.93	5.57	1.35	2.96	1.09	7.25	6.56	0.83	1.44	13.1	7.74	2.65	0.63	0.55	17.4	0.16	1.04	0.45	4.26	0.68	2.56	15.52	3.99	2.63	0.54	5.07	0.84	0.4	2.4	1.94	0.43	2.05	16.59	2.97	1.66	0.51	7.99	0.21	3.83	0.74	4.41	2.39	2.93	0.62	3.58	0.17	11.43	6.22	2.79	0.36	0.69	0.31	1.32	2.95	0.92	0.49	0.87	0.17	19.22	2.81	1.7	0.91	0.5	4.35	2.24	1.62	2.19	3.69	2.18	0.9	2.35	18.02	1.14	3.07	2.26	4.13	2.48
Flavobacterium	0	0	0	0	0	0	0	0	0	0	0	0	0	0	0	0	0	0	0	0	0	0	0	0	0.02	0	0	0	0	0	0	0	0	0	0	0	0	0	0	0	0	0	0	0	0	0	0	0	0	0.1	0	0	0	0	0	0	0	0	0	0	0	0	0	0	0	0	0	0	0	0	0	0	0	0	0	0	0	0	0	0	0	0	0	0	0	0	0	0	0	0	0	0	0	0	0	0	0	0	0	0	0	0	0	0	0	0	0	0	0	0	0	0	0	0	0	0	0	0	0	0	0	0	0	0	0	0	0	0	0	0	0	0.02	0	0	0	0	0	0	0	0	0	0	0	0	0	0	0	0	0	0	0	0	0	0	0	0	0	0	0	0	0	0
Flavonifractor	0	0	0	0	0	0	0	0	0	0	0	0	0	0	0	0	0	0	0	0	0	0	0	0	0	0	0	0	0	0	0	0	0	0	0	0	0	0	0.22	0.05	0	0	0	0	0	0	0	0	0	0	0	0	0	0	0	0	0	0	0	0	0	0	0	0	0	0	0	0	0	0	0	0	0	0	0	0	0	0	0	0	0	0	0	0	0	0	0	0	0	0	0	0	0	0	0	0	0	0	0	0	0	0	0	0	0	0	0	0	0	0	0	0	0	0	0	0	0	0	0	0	0	0	0	0	0	0	0	0	0	0	0	0	0	0	0	0	0	0	0	0	0	0	0	0	0	0	0	0	0	0	0	0	0	0	0	0	0	0	0	0	0	0
Fusicatenibacter	0	0	0	0	0	0	0	0	0	0	0.03	0	0	0	0	0	0	0	0	0	0	0	0	0	0	0	0	0	0	0	0	0	0	0	0	0	0	0	0	0	0	0	0	0	0	0	0	0	0	0	0	0	0	0	0	0	0	0	0	0	0	0	0	0	0	0	0	0	0	0	0	0	0	0	0	0	0	0	0	0	0	0	0	0	0	0	0	0	0	0	0	0	0	0	0	0	0	0	0	0	0	0	0.04	0	0	0	0	0	0	0.28	0	0	0	0	0	0	0	0	0	0	0	0	0	0	0	0	0	0	0	0	0	0	0	0	0	0	0	0.07	0	0.21	0	0	0	0	0	0	0	0	0	0	0	0	0	0	0	0	0	0	0	0	0	0
Fusobacterium	0	0.14	0.12	0.02	0.04	0.07	0.03	0.11	0.16	0.47	0.03	1.42	2.11	0.09	0	0.18	0.09	0.04	0.06	0.17	0	0	0	0.47	0.06	0.03	0.06	4.24	0.09	0.03	0.04	0.03	0.02	0	0.13	0.08	0.14	0.04	0.12	0.04	2.83	0.11	0.03	0.06	0.08	0	0.01	0	0.08	0	0.03	0.05	0	0	0.24	0	0.15	0.84	0.14	0.64	0	0	0	12.21	0	0.57	0.05	0.09	0.12	0.05	0.12	0	0	0.08	3.03	0.05	0.07	0	0	0.02	4.2	0	5.13	0.02	0.02	0.06	0.71	0.03	0.03	0	0.26	0	0	0.14	0.06	0.04	0	0	0.05	0	0.12	0.03	0.08	0	0.57	1.07	0.04	0.03	0	0.15	0.29	7.94	0.08	0	0	2.63	0.03	3.44	0.24	0.12	0.01	0.03	0.09	0.04	0	0	0.25	0.15	0	0.23	0	0.02	0.05	0.1	0.1	0.03	0.05	0.12	0.6	0.07	0.05	1.02	0.06	0.04	0.12	0.06	0.08	0	0.04	0	0.59	0.22	0.14	0.37	0.24	0	0	0.12	0.27	0	0.34	0.07
Gardnerella	0	0	0	0	0	0	0	0	0	0	0	0	0	0	0	0	0	0	0	0	0	0	0	0	0	0	0	0	0	0	0	0.13	0.05	0.04	0	0	0	0	0	0	0	0	0	0	0	0	0	0	0	0	0	0	0	0	0	0	0	0	0	0	0	0	0	0	0	0	0	0	0	0	0	0	0	0	0	0	0	0	0	0	0	0	0	0	0	0	0	0	0	0	0	0	0	0	0	0	0	0	0	0	0	0	0	0	0	0	0	0	0	0	0	0	0	0	0	0	0	0	0	0	0	0	0	0	0	0	0	0	0	0	0	0	0	0	0	0	0	0	0	0	0	0	0	0	0	0	0	0	0	0	0	0	0	0	0	0	0	0	0	0	0	0
Gemella	0	0	0	0	0	0	0	0	0	0	0	0	0	0	0	0	0	0	0	0	0	0	0	0	0	0	0	0	0	0	0	0.12	0.04	0	0	0	0	0	0	0	0	0	0	0	0	0	0	0.25	0.28	0.95	0	0	0	0	0	0	0	0.28	0	0	0	0	0	0	0	0	0	0	0	0	0	0	0	0	0	0	0	0	0	0	0.01	0	0	0	0	0	0	0	0.02	0	0	0	0	0	0	0	0	0	0	0	0	0	0	0.07	0	0	0	0	0	0	0	0	0	0	0	0	0	0.33	0	0	0	0	0	0.12	0	0	0	0	0	0.23	0	0	0.48	0.08	0	0	0	0.08	0	0	0	0	0	0	0	0	0	0	0	0	0	0	0	0	0	0	0	0	0	0	0	0
Geminicoccus	0	0	0	0	0	0	0	0	0	0	0	0	0	0	0	0	0	0	0	0	0	0	0	0	0	0	0	0	0	0	0	0	0	0	0	0	0	0	0	0	0	0	0	0	0	0	0	0	0	0	0	0	0	0	0	0	0	0	0	0	0	0	0	0	0	0	0	0	0	0	0	0	0	0	0	0	0	0	0	0	0	0	0	0	0	0	0	0	0	0	0	0	0	0	0	0	0	0	0	0	0	0	0	0	0	0	0	0	0	0	0	0	0	0	0	0	0	0	0	0	0	0	0	0.04	0	0	0	0	0	0	0	0	0	0	0	0	0	0	0	0	0	0	0	0	0	0	0	0	0	0	0	0	0	0	0	0	0	0	0	0	0	0
Gemmiger	0	0	0	0	0	0	0	0	0	0	0	0	0	0	0	0	0	0	0	0	0	0	0	0	0	0	0	0	0	0	0	0	0	0	0	0	0	0	0	0	0	0	0	0	0	0	0	0	0	0	0	0	0.03	0	0	0	0	0	0	0	0	0	0	0	0	0	0	0	0	0	0	0	0	0	0	0	0	0	0	0	0	0	0.05	0	0	0	0	0	0	0	0	0	0	0	0	0	0	0	0	0	0	0	0	0	0	0	0	0	0	0.35	0	0	0	0	0	0	0	0	0	0	0	0	0	0	0	0	0	0	0	0	0	0	0	0	0	0	0	0.11	0	0.32	0	0	0	0	0	0	0	0	0	0	0	0	0	0	0	0	0	0	0	0	0	0
Gleimia	0	0	0	0	0	0	0	0	0	0	0.17	0	0	0	0	0	0	0	0	0	0	0	0	0	0	0	0	0	0	0	0	0.12	0	0	0	0	0	0	0	0	0	0	0	0	0	0	0	0	0	0	0.11	0	0	0	0	0	0	0	0	0.34	0	3.15	0	0	0	0	0	0	0	0	0	0.04	0	0	0	0.11	0	0	0.01	0	0	0	0	0	0	0	0	0	0	0	0	0	0	0	0	0	0	0.07	0	0	0	0	0	0	0	0	0	0.1	0.08	0	0	0	0	0	0	0	0	0	0	0	0	0	0	0.15	0	0	0.3	0	0	0.37	0	0	0	0	0	0	0	0.24	0.12	0.32	0.04	0	0	0	0	0	0	0	0	0	0	0	0	0	0	0	0	0	0	0	0	0
Globicatella	0	0	0	0	0	0	0	0	0	0	0	0	0	0	0	0	0	0	0	0	0	0	0	0	0	0	0	0	0	0	0	0	0	0	0	0	0	0	0	0	0	0	0	0	0	0	0	0	0	0	0	0	0	0	0	0	0	0	0	0	0	0	0	0	1.53	0	0	0	0	0	0	0	0	0	0	0	0	0	0	0	0	0	0	0	0	0	0	0.04	0	0	0	0	0	0	0	0	0	0	0	0	0	0	0	0	0	0	0	0	0	0	0	0	0	0	0	0	0	0	0	0	0	0	0	0	0	0	0	0	0	0	0	0.04	0	0	0	0	0	0	0	0	1.93	0	0	0	0	0	0	0	0	0	0	0	0	0	0.09	0	0	0	0	0	0	0
Gordonia	0	0	0	0	0	0	0	0	0	0	0	0	0	0	0	0	0	0	0	0	0	0	0	0	0	0	0	0	0	0	0	0	0	0	0	0	0	0	0	0	0	0	0	0	0	0	0	0	0	0	0	0	0	0	0	0	0	0	0	0	0	0	0	0	0	0	0	0	0	0	0	0	0	0	0	0	0	0	0	0	0	0	0	0	0	0	0	0	0	0	0.01	0	0	0	0	0	0	0	0	0	0	0	0	0	0	0	0	0	0	0	0	0	0	0	0	0	0	0	0	0	0	0	0	0.19	0	0	0	0	0	0	0	0.02	0	0	0	0	0	0	0	0	0	0	0	0	0	0	0	0	0	0	0	0	0	0	0	0	0	0	0	0	0	0
Granulicatella	0	0	0	0	0	0	0	0	0	0	0	0	0	0	0	0	0	0	0	0	0	0	0	0	0	0	0	0	0	0	0	0	0	0	0	0	0	0	0	0	0	0	0	0	0	0	0	0	0	0	0	0	0	0	0	0	0	1.46	0	0	0	0	0	0	0	0	0	0	0	0	0	0	0	0	0	0	0	0	0	0	0	0	0	0	0	0	0	0	0	0	0	0	0	0	0	0	0	0	0	0	0	0	0	0	0	0	0	0	0	0	0	0	0	0	0	0	0	0	0	0	0	0.09	0	0.21	0	0	0	0	0	0	0	0	0	0	0	0	0	0	0	0	0	0	0	0	0	0	0	0	0	0	0	0	0	0	0	0	0	0	0	0	0	0
Haemophilus	0	0	0	0	0	0	0.01	0	0	0	0	0	0	0	0	0	0	0	0	0.02	0	0	0	0	0.04	0	0	0	0	0	0	0	0	0	0	0	0	0	0	0	0	0	0	0	0	0	0.01	1.21	0.83	0	0	0	0	0.01	0	0	0	1.93	0	0	0	0	0	0	0	0	0.02	0	0	0	0	0	0	0	0	0	0	0	0	0	0	0	0	0.03	0	0.04	0	0	0	0	0.03	0	0	0.1	0	0	0	0	0	0	0	0	0	0	0	0	0	0	0	0.04	0	0	0	0	0	0	0	0	0	0	0.02	0	0.01	0	0	0	0	0	0	0	0	0	0.1	0.03	0	0	0	0	0.02	0	0	0	0	0	0	0	0	0	0	0	0	0	0	0	0	0	0	0	0	0	0	0
Helcococcus	0	0.13	0	0.03	0.02	0.02	0.01	0	0	0.05	0	0	0	0	0	0	0	0	0.44	0.02	0	0	0.01	0	0	0.02	0.05	0	0	0	0.01	0.01	0.01	0	0	0	0	0	0	0.02	0	0	0.06	0	0	0	0	0	0.01	0	0.1	0.07	0	0	0	0	0	0.05	0	0.1	0	0	0.01	0.05	0.56	0	0.02	0.01	0	0.03	0	0	0	0.01	0.01	0	0	0.13	0	0	0.02	0	0	0.03	0	0.03	0	0	0	0	0.01	0	0.11	0.1	0	0.01	0.07	0	0.02	0	2.15	1.79	0.04	0	0	0.04	0.08	0.02	0	0.07	0.06	0	0	0.02	0	0	0	0	0.04	0.06	0	0	0.04	0.01	0.03	0	0	0.06	0.13	0	0	0.04	0	0.01	0	0	0.7	0	0.02	0	0.85	0.15	0	0	0	0	0	0	0	0	0.27	0.05	0	0.13	0.05	0	0	0	0.26	0	0	0
Holdemanella	0	0	0	0	0	0	0	0	0	0	0	0	0	0	0	0	0	0	0	0	0	0	0	0	0	0	0	0	0	0	0	0	0	0	0	0	0	0	0	0	0	0	0	0	0	0	0	0	0	0	0	0	0	0	0	0	0	0	0	0	0	0	0	0	0	0.08	0	0	0	0	0	0	0	0	0	0	0	0	0	0	0	0	0	0	0	0	0	0	0	0	0	0	0	0	0	0	0	0	0	0	0	0	0	0	0	0	0	0	0	0	0	0	0	0	0	0	0	0	0	0	0	0	0	0	0	0	0	0	0	0	0	0	0	0	0	0	0	0	0	0	0	0	0	0	0	0	0	0	0	0	0	0	0	0	0	0	0	0	0	0	0	0
Howardella	0	0	0	0	0	0	0.01	0	0	0	0	0	0	0	0	0	0	0	0	0	0	0	0	0	0	0	0	0	0	0	0	0	0	0	0	0	0	0	0	0	0.27	0	0.01	0	0	0	0	0	0	0	0	0	0	0.07	0	0	0	0	0	0	0	0	0	0	0	0	0	0	0	0	0	0	0	0	0.25	0	0	0	0	0	0.41	0	0	0	0	0	0.04	0	0	0	0	0	0	0	0	0	0	0	0	0	0	0	0	0	0	0	0	0	0	0	0	0	0	0	0	0	0	0	0	0	0	0	0	0	0	0	0	0	0	0	0	0	0	0	0	0	0	0	0	0	0	0	0	0	0	0	0	0	0	0	0	0	0	0	0	0	0	0	0	0	0	0
Hoylesella	6.44	7.59	7.48	3.3	7.8	1.78	19.78	4.77	15.52	14.01	9.6	16	14.02	9.35	7.48	21.05	5.61	20.2	5.16	2.77	25.08	24.26	0.18	27.15	4.98	7.6	8.66	23.2	5.41	27.9	16.53	5.2	2.91	6.47	4.66	29.11	6.65	5.84	3.52	5.4	18.65	6.9	4.66	5.35	12.27	4.5	9.8	3.5	5.24	0.56	22.62	3.23	3.73	3.57	11.57	7.6	27.58	7.56	14.43	26.26	11.53	16.31	9.02	15.89	15.56	13.62	15.98	31.46	17.02	29.76	19.23	25.19	3.76	15.97	20.97	7.22	7.63	3.56	5.4	10.19	5.26	0.12	21.68	8.21	20.3	7.12	6.78	31.86	15.12	3.51	3.7	1.26	1.66	11.82	3.11	3.33	10.68	8.98	7.74	0.08	5.99	4.08	4.04	11.1	20.79	15.42	6.6	19.9	23.87	7.66	22.54	8.56	0.46	3.99	0.19	11.75	9.76	27.8	9.68	3.88	11.29	7.74	19.7	5.89	8.34	0.58	16	10.51	2.11	25.67	8.94	1.86	1.88	5.56	6.4	4.26	6.32	22.16	13.8	25.57	3.74	19.88	17.72	1.41	14.15	17.47	3.84	0.06	14.2	2.96	14.87	10.46	15.88	13.69	13.96	12.8	1.5	13.94	4.98	16.87	0.43	13.76
Intestinibacter	0	0	0	0	0	0	0	0	0	0	0	0	0	0	0	0	0	0	0	0	0	0	0	0	0	0	0	0	0	0	0	0	0	0	0	0	0	0	0.26	0.11	0	0	0	0	0	0	0	0	0	0	0	0	0	0	0	0	0	0	0	0	0	0	0	0	0	0	0	0	0	0	0	0	0	0	0	0	0	0	0	0	0	0	0	0	0	0	0	0	0	0	0	0	0	0	0	0	0	0	0	0	0	0	0	0	0	0	0	0	0	0.05	0	0	0	0	0	0	0	0	0	0	0	0	0	0.05	0	0	0	0	0	0	0	0	0	0	0	0	0	0	0	0	0	0	0	0	0	0	0	0	0	0	0	0	0	0	0	0	0	0	0	0	0	0
Janthinobacterium	0	0	0	0	0	0	0	0	0	0	0	0	0	0	0	0	0	0	0	0	0	0	0	0	0	0	0	0	0	0	0	0	0	0	0	0	0	0	0	0	0	0	0	0	0	0	0	0	0	0	0	0	0	0	0	0	0	0.01	0	0	0	0	0	0	0	0	0	0	0	0	0	0	0	0	0	0	0	0	0	0	0	0	0	0	0	0	0	0	0	0	0	0	0	0	0	0	0	0	0	0	0	0	0	0	0	0	0	0	0	0	0	0	0	0	0	0	0	0	0	0	0	0	0	0	0	0	0	0	0	0	0	0	0	0	0	0	0	0	0	0	0	0	0	0	0	0	0	0	0	0	0	0	0	0	0	0	0	0	0	0	0	0
Jeotgalicoccus	0	0	0	0	0	0	0	0	0	0	0	0	0	0	0	0	0	0	0	0	0	0	0	0	0	0	0	0	0	0	0	0	0	0	0	0	0	0	0	0	0	0	0	0	0	0	0	0	0	0	0	0	0	0	0	0	0	0	0	0	0	0	0	0	0	0	0	0	0	0	0	0	0	0	0	0	0	0	0	0	0	0	0	0	0	0	0	0	0	0	0	0	0	0	0	0	0	0	0	0	0	0	0	0	0	0	0	0	0.01	0	0	0	0	0	0	0	0	0	0	0	0	0	0	0	0	0	0	0	0	0	0	1.34	0	0	0	0	0	0	0	0	0	0	0	0	0	0	0	0	0	0	0	0	0	0	0	0	0	0	0	0	0	0
JG30-KF-CM45	0	0	0	0	0	0	0	0	0	0	0	0	0	0	0	0	0	0	0	0	0	0	0	0	0	0	0	0	0	0	0	0	0	0	0	0	0	0	0	0	0	0	0	0	0	0	0	0	0	0	0	0	0	0	0	0	0	0	0	0	0	0	0	0	0	0	0	0	0	0	0	0	0	0	0	0	0	0	0	0	0	0	0	0	0	0	0	0	0	0	0	0	0	0	0	0	0	0	0	0	0	0	0.01	0	0	0	0	0	0	0	0	0	0	0	0	0	0	0	0	0	0	0	0	0	0	0	0	0	0	0	0	0	0	0	0	0	0	0	0	0	0	0	0	0	0	0	0	0	0	0	0	0	0	0	0	0	0	0	0	0	0	0
Jonquetella	0	0	0	0	0	0	0.03	0	0	0.06	0	0	0	0	0	0	0	0	0	0.01	0.01	0.01	0	0	0	0	0	0	0	0	0	0	0.02	0	0.04	0	0	0.01	0	0	2.29	0	0	0	0.03	0	0	0.04	0	0	0	0	0	1.69	0.11	0	0	0	0	0.04	0	0	0	0	0	0	0	0.01	0	0.02	0	0.04	0	0	0	0	0.01	0	0.02	0	0	0	0.08	0	0.02	0	0	0.08	0.04	0	0	0	0.01	0	0	0	0.07	0	0	0	0	0	0.05	0.29	0	0	0	0	0	0	0	0	0	0	0	2.03	0	0	0	0	0	0	0	0	0	0	0	0	0	0	0.01	0	0	0.04	0.03	0	0	0.11	0	0	0.11	0	0.1	0	0	0.1	0	0.01	0	0	0	0	0.08	0	0.03	0.16	0	0.16	0	0	0	0
Kallipyga	0	0	0	0	0	0	0	0	0	0	0	0.01	0.03	0.07	0.09	0.04	0	0	0.01	0	0	0	0.05	0.01	0	0	0.16	0	0	0	0	0	0	0	0	0	0	0	0	0	0.17	0.01	0.01	0	0	0	0	0	0.01	0	0	0	0	0	0	0	0	0.02	0	0	0	0	0	0	0	0	0	0	0	0	0	0.18	0.04	0	0	0	0	0	0	0	0.01	0	0	0	0	0	0.03	0	0	0	0	0	0.11	0	0	0	0	0	0	0	0.41	0.48	0	0	0	0	0.03	0	0.31	0.03	0	0	0	0.03	0	0	0	0	0	0	0	0.35	0.01	0	0	0	0	0	0	0	0	0	0	0	0	0	0	0	0	0	0.15	0.12	0	1.94	0	0	0	0	0	0	0	0	0	0	0	0	0	0	0.06	0	0	0
Klebsiella	0	0	0	0	0	0	0	0	0	0	0	0	0	0	0	0	0	0	0	0	0	0	0	0	0	0	0	0	0	0	0	0.03	0	0	0.03	0	0	0	0	0.35	0	0	0	0	0	0	0	0	0	0	0	0	0	0	0	0	0	0.06	0	0	0	0	0	0	0	0	0	0	0	0	0	0	0	0	0.23	2.21	0	0	0	0	0	0	0	0	0	0	0	0	0	0	0	0	0	0	0	0	0	0	0	0	0	0	0	0	0	0	0	0	0	0	0	0	0	0	0	0	0	0	0.06	0	0	0	0	0	0	0	0	0	0	0	0	0	0	0	0	0	0	0	0	0.3	0	0	0	0	0	0	0	0	0	0	0	0	0	0	0	0	0	0	0	0	0	0
Knoellia	0	0	0	0	0	0	0	0	0	0	0	0	0	0	0	0	0	0	0	0	0	0	0	0	0	0	0	0	0	0	0	0.09	0.06	0	0	0	0	0	0	0	0	0	0	0	0	0	0	0	0	0	0	0	0	0	0	0	0	0	0	0	0	0	0	0	0	0	0	0	0	0	0	0	0	0	0	0	0	0	0	0	0	0	0	0	0	0	0	0	0	0	0	0	0	0	0	0	0	0	0	0	0	0	0	0	0	0	0	0	0	0	0	0	0	0	0	0	0	0	0	0	0	0	0	0.07	0	0	0	0	0	0	0	0.05	0	0	0	0	0	0.1	0	0	0	0	0	0	0	0	0	0	0	0	0	0	0	0	0	0	0	0	0	0	0	0
Kocuria	0	0	0	0.01	0	0	0	0	0	0	0.08	0	0	0	0	0	0	0	0	0.07	0	0	0	0	0.16	0	0	0	0	0	0	0.08	0	0	0	0	0	0	0	0	0	0	0	0	0	0	0	0	0	0.2	0	0	0	0	0	0	0	0	0	0	0.22	0	0	0	0	0	0	0	0	0	0	0	0	0	0	0	0	0	0	0	0	0	0	0	0	0	0	0	0	0	0	0	0	0	0.05	0	0	0	0	0	0	0	0.1	0	0	0.37	0	0	0	0	0.17	0	0	0	0	0	0	0	0	0	0	0	0	0.18	0	0	0	0	0	0.21	0	0.1	0	0	0	0	0	0.16	0	0	0	0	0	0	0	0	0	0	0	0	0	0	0	0	0	0	0	0	0	0	0	0
Kytococcus	0	0	0	0	0	0	0	0	0	0	0	0	0	0	0	0	0	0	0	0	0	0	0	0	0	0	0	0	0	0	0	0	0.02	0	0	0	0	0	0	0	0	0	0	0	0	0	0	0	0	0	0	0	0	0	0	0	0	0	0	0	0	0	0	0	0	0	0	0	0	0	0	0	0	0	0	0	0	0	0	0	0	0	0	0	0	0	0	0	0	0	0	0	0	0	0	0	0	0	0	0	0	0	0	0	0	0	0	0	0	0	0	0	0	0	0	0	0	0	0	0	0	0	0	0.03	0	0	0	0	0	0	0	0	0	0	0	0	0	0	0	0	0	0	0	0	0	0	0	0	0	0	0	0	0	0	0	0	0	0	0	0	0	0
Lachnoanaerobaculum	0	0	0	0	0	0	0	0	0	0	0	0	0	0	0	0	0	0	0	0	0	0	0	0	0	0	0	0	0	0	0	0	0	0	0	0	0	0	0	0	0	0	0	0	0	0	0	0	0	0	0	0	0	0	0	0	0	0.3	0	0	0	0	0	0	0	0	0	0	0	0	0	0	0	0	0	0	0	0	0	0	0	0	0	0	0	0	0	0	0	0	0	0	0	0	0	0	0	0	0	0	0	0	0	0	0	0	0	0	0	0	0	0	0	0	0	0	0	0	0	0	0	0	0	0	0	0	0	0	0	0	0	0	0	0	0	0	0	0	0	0	0	0	0	0	0	0	0	0	0	0	0	0	0	0	0	0	0	0	0	0	0	0
Lachnoclostridium	0	0	0	0	0	0	0	0	0	0	0	0	0	0	0	0	0	0	0	0	0	0	0	0	0	0	0	0	0	0	0	0	0	0	0	0	0	0	0	0.05	0	0	0	0	0	0	0	0	0	0	0	0	0	0	0	0	0	0	0	0	0	0	0	0	0	0	0	0	0	0	0	0	0	0	0	0	0	0	0	0	0	0	0	0	0	0	0	0	0	0	0	0	0	0	0	0	0	0	0	0	0	0	0	0	0	0	0	0	0	0.04	0	0	0	0	0	0	0	0	0	0	0	0	0	0	0	0	0	0	0	0	0	0	0	0	0	0	0	0	0	0	0	0	0	0	0	0	0	0	0	0	0	0	0	0	0	0	0	0	0	0	0	0
Lachnospira	0	0	0	0	0	0	0	0	0	0	0	0	0	0	0	0	0	0	0	0	0	0	0	0	0	0	0	0	0	0	0	0	0	0	0	0	0	0	0	0	0	0	0	0	0	0	0	0	0	0	0	0	0	0	0	0	0	0	0	0	0	0	0	0	0	0	0	0	0	0	0	0	0	0	0	0	0	0	0	0	0	0	0	0	0	0	0	0	0	0	0	0	0	0	0	0	0	0	0	0	0	0	0	0	0	0	0	0	0	0.09	0	0	0	0	0	0	0	0	0	0	0	0	0	0	0	0	0	0	0	0	0	0	0	0	0	0	0	0	0	0	0	0	0	0	0	0	0	0	0	0	0	0	0	0	0	0	0	0	0	0	0	0
Lachnospiraceae FCS020 group	0	0	0	0	0	0	0	0	0	0	0	0	0	0	0	0	0	0	0	0	0	0	0	0	0	0	0	0	0	0	0	0	0	0	0	0	0	0	0	0	0	0	0	0	0	0	0	0	0	0	0	0	0	0	0	0	0	0	0	0	0	0	0	0	0	0	0	0	0	0	0	0	0	0	0	0	0	0	0	0	0	0	0	0	0	0	0	0	0	0	0	0	0	0	0	0	0	0	0	0	0	0	0	0	0	0	0	0	0	0	0	0	0	0	0	0	0	0	0	0	0	0	0	0	0	0	0	0	0	0	0	0	0	0	0	0	0	0	0	0.07	0	0	0	0	0	0	0	0	0	0	0	0	0	0	0	0	0	0	0	0	0	0
Lachnospiraceae FE2018 group	0	0	0	0	0	0	0.02	0	0	0	0	0	0	0	0	0	0	0	0	0	0	0	0	0	0	0	0	0	0	0	0	0	0	0	0	0	0	0	0	0	0	0	0	0	0	0	0	0	0	0	0	0	0	0	0	0	0	0	0	0	0	0	0	0	0	0	0	0	0	0	0	0	0	0	0	0	0	0	0	0	0	0	0	0	0	0	0	0	0	0	0	0	0	0	0	0	0	0	0	0	0	0	0	0	0	0	0	0	0	0	0	0	0	0	0	0	0	0	0	0	0	0	0	0	0	0	0	0	0	0	0	0	0	0	0	0	0	0	0	0	0	0	0	0	0	0	0	0	0	0	0	0	0	0	0	0	0	0	0	0	0	0
Lachnospiraceae ND3007 group	0	0	0	0	0	0	0	0	0	0	0	0	0	0	0	0	0	0	0	0	0	0	0	0	0	0	0	0	0	0	0	0	0	0	0	0	0	0	0	0	0	0	0	0	0	0	0	0	0	0	0	0	0	0	0	0	0	0	0	0	0	0	0	0	0	0	0	0	0	0	0	0	0	0	0	0	0	0	0	0	0	0	0	0	0	0	0	0	0	0	0	0	0	0	0	0	0	0	0	0	0	0	0	0	0	0	0	0	0	0.11	0	0	0	0	0	0	0	0	0	0	0	0	0	0	0	0	0	0	0	0	0	0	0	0	0	0	0	0	0	0	0	0	0	0	0	0	0	0	0	0	0	0	0	0	0	0	0	0	0	0	0	0
Lachnospiraceae NK4A136 group	0	0	0	0	0	0	0	0	0	0	0	0	0	0	0	0	0	0	0	0	0	0	0	0	0	0	0	0	0	0	0	0	0	0	0	0	0	0	0.05	0	0	0	0	0	0	0	0	0	0	0	0	0	0	0	0	0	0	0	0	0	0	0	0	0	0	0	0	0	0	0	0	0	0	0	0	0	0	0	0	0	0	0	0	0	0	0	0	0	0	0	0	0	0	0	0	0	0	0	0	0	0	0	0	0	0	0	0	0	0	0	0	0	0	0	0	0	0	0	0	0	0	0	0	0	0	0	0	0	0	0	0	0	0	0	0	0	0	0	0	0	0	0	0	0	0	0	0	0	0	0	0	0	0	0	0	0	0	0	0	0	0	0
Lactobacillus	0	0	0	0	0	0	0	0	0	0	0.05	0	0	0	0	0	0	0	0	0	0	0	0	0	0	0	0	0	0	0	0	0	0.17	0	0	0	0	0	0.24	0	0	0	0	0	0	0	0	0	0	0	0	0	0	0	0	0	0	0	0	0	0	0	0	0	0	0	0.3	0	0	0	0	0	0	0	0	0	0	0	0	0	0	0	0	0	0	0	0	0	0	0	0	0	0	0	0	0	0	0	0	0	0	0	0	0	0	0	0	0	0	0.6	0	0	0	0	0	0	0	0	0	0	0	0	0	0	0	0	0	0	0	0	0	0	0	0	0	0	0	0	0	0	0	0	0	0	0	0	0	0	0	0	0	0	0	0	0	0	0	0	0	0	0	0
Lactococcus	0	0	0	0	0	0	0	0	0	0	0	0	0	0	0	0	0	0	0	0	0	0	0	0	0.02	0	0	0	0	0	0	0	0	0	0	0	0	0	0	0	0	0	0	0	0	0	0	0	0	0	0	0	0	0	0	0	0	0	0	0	0	0	0	0	0	0	0	0	0	0	0	0	0	0	0	0	0	0	0	0	0	0	0	0	0	0	0	0	0	0	0	0	0	0	0	0	0	0	0	0	0	0	0	0	0	0	0	0	0	0	0	0	0	0	0	0	0	0	0	0	0	0	0	0	0	0	0	0	0	0	0	0	0	0	0	0	0	0	0	0	0	0	0	0	0	0	0	0	0	0	0	0	0	0	0	0	0	0	0	0	0	0
Lawsonella	3.17	0	0	0.12	0.09	0	0.04	0	0.32	0	0.14	0.19	0.23	0.25	0.06	0.3	0	2.05	0	0.81	0.07	0.13	3.29	1.27	0.11	0.03	2.86	0.1	0.08	0.14	0.06	0.03	0	0	0.25	0.13	3.05	0.08	0	0.43	1.29	0.28	0.1	0.08	0.18	0	0.09	0	0.05	0	0.08	0.06	0.08	0.39	0.15	1.6	0	0.1	0.08	0.15	0	1.32	0	0.05	0	0	0	0.05	0	0.73	0.11	0.3	0.5	0.16	1.46	0.13	0.04	0.35	0	0	0.03	0	0.17	0.1	0.19	1.04	0.44	0.24	0.09	0.34	0.36	0.6	0.07	0.18	0.7	0	0	0.05	0	0.45	0	0.1	0.02	0.15	0.09	0.27	0.1	0.08	0.03	0	0	0.18	0.04	0	0	0.12	0	0	0.21	0	0.05	0.55	0.03	0.22	0	0.38	0.45	0	0.09	0	0	0.13	0.05	0.11	0.1	0.04	0	0.3	1.15	0.23	0	0.47	0.06	0.23	0.3	0	0.1	0	0.15	0	0.11	0.25	0.31	0.16	0	0	17.27	0	0.41	0	0	0.21
Leptotrichia	0	0	0	0	0	0	0	0	0	0	0	0	0	0	0	0	0	0	0	0	0	0	0	0	0	0	0	0	0	0	0	0	0	0	0	0	0	0	0	0	0	0	0	0	0	0	0	0	0	0	0	0	0	0	0	0	0	0.51	0	0	0	0	0	0	0	0	0	0	0	0	0	0	0	0	0	0	0	0	0	0	0	0	0	0	0	0	0	0	0	0	0	0	0	0	0	0	0	0	0	0	0	0	0	0	0	0	0	0	0	0	0	0	0	0	0	0	0	0	0	0	0	0	0	0	0	0	0	0	0	0	0	0	0	0	0	0	0	0	0	0	0	0	0	0	0	0	0	0	0	0	0	0	0	0	0	0	0	0	0	0	0	0
Lichenibacterium	0	0	0	0	0	0	0	0	0	0	0	0	0	0	0	0	0	0	0	0	0	0	0	0	0	0	0	0	0	0	0	0	0	0	0	0	0	0	0	0	0	0	0	0	0	0	0	0	0	0	0	0	0	0	0	0	0	0	0	0	0	0	0	0	0	0	0	0	0	0	0	0	0	0	0	0	0	0	0	0	0	0	0	0	0	0	0	0	0	0	0	0	0	0	0	0	0	0	0	0	0	0	0	0	0	0	0	0	0	0	0	0	0	0	0	0	0	0	0	0	0	0	0	0	0	0	0	0.1	0	0	0	0	0	0	0	0	0	0	0	0	0	0	0	0	0	0	0	0	0	0	0	0	0	0	0	0	0	0	0	0	0	0
Limosilactobacillus	0	0	0	0	0.1	0	0	0	0	0.23	0	0	0.07	0	0	0	0.04	0	0	0.06	0.06	0.06	0	0	0	0	0	0	0.22	0	0.05	0	0.09	0	0	0	0.49	0.1	0.26	0	0.02	0	0	0	0	0.26	0.07	0	0	0	0.04	0.11	0	0.04	0.05	0	0	0	0.06	0	0	0	0	0.03	0	0.17	0	0	0.14	0	0	0	0	0.04	0	0	0.26	0	0.14	0	0	0.67	0	0	0	0.08	0	0	0	0	0	0	0.09	0	0	0	0.46	0.04	0	0.43	0	0	0	0	0	0.29	0	0	0	0.19	0	0	0	0	0	0	0	0	0	0	0	0	0	0	0	2.19	0.15	0	0	0	0.08	0	0	0	0	0	0.03	0	0	0	0	0	0.06	0	0	0.29	7.31	19.55	0	0.39	0	0	0	0	0.13	0	0	0.38	0.32	0	5.03	0
Listeria	0	0	0	0	0	0	0	0	0	0.43	0	0	0.14	0	0	0	0.1	0.04	0	0.09	0.04	0.03	0	0	0	0	0	0	0.17	0	0.16	0	0.07	0	0	0	0	0.09	0.15	0	0.08	0	0	0	0	0.12	0.18	0	0	0	0.07	0.21	0	0.02	0.3	0	0	0	0.05	0	0	0	0	0.03	0	0	0	0	0.17	0	0	0	0	0.06	0	0	0.22	0	0.15	0	0	0.34	0	0	0	0.15	0	0	0	0	0	0	0.08	0	0	0	0.21	0.05	0	0.1	0	0	0	0	0	0.14	0	0	0	0.12	0	0	0	0	0	0	0	0	0	0	0	0	0	0	0	1.43	0.32	0	0	0	0.05	0	0	0	0	0	0.04	0	0	0	0.05	0	0.14	0	0	0.28	6.18	4.76	0	0.99	0	0.18	0	0	0.15	0	0	0.39	0.41	0	1.98	0
Mammaliicoccus	0	0	0	0	0	0	0	0	0	0	0	0	0	0	0	0	0	0	0	0	0	0	0	0	0	0	0	0	0	0	0	0	0	0	0	0	0	0	0	0	0	0	0	0	0	0	0	0	0	0	0	0	0	0	0	0	0	0	0	0	0	0	0	0	0	0	0	0	0	0	0	0	0	0	0	0	0	0	0	0	0	0.95	0	0	0	0	0	0	0	0	0	0	0	0	0	0	0	0	0	0	0	0	0	0	0	0	0	0	0	0	0	0	0	0	0	0	0	0	0	0	0	0	0	0	0	0	0	0	0	0	0	0	0	0	0	0	0	0	0	0	0	0	0	0	0	0	0	0	0	0	0	0	0	0	0	0	0	0	0	0	0	0
Marmoricola	0	0	0	0	0	0	0	0	0	0	0	0	0	0	0	0	0	0	0	0	0	0	0	0	0	0	0	0	0	0	0	0	0	0	0	0	0	0	0	0	0	0	0	0	0	0	0	0	0	0	0	0	0	0	0	0	0	0	0	0	0	0	0	0	0	0	0	0	0	0	0	0	0	0	0	0	0	0	0	0	0.02	0	0	0	0	0	0	0	0	0	0	0	0	0	0	0	0	0	0	0	0	0	0	0	0	0	0	0	0	0	0	0	0	0	0	0	0	0	0	0	0	0	0	0	0	0	0	0	0	0	0	0	0	0	0	0	0	0	0	0	0	0	0	0	0	0	0	0	0	0	0	0	0	0	0	0	0	0	0	0	0	0
Marvinbryantia	0	0	0	0	0	0	0	0	0	0	0	0	0	0	0	0	0	0	0	0	0	0	0	0	0	0	0	0	0	0	0	0	0	0	0	0	0	0	0	0	0	0	0	0	0	0	0	0	0	0	0	0	0	0	0	0	0	0	0	0	0	0	0	0	0	0	0	0	0	0	0	0	0	0	0	0	0	0	0	0	0	0	0	0	0	0	0	0	0	0	0	0	0	0	0	0	0	0	0	0	0	0	0	0	0	0	0	0	0	0.05	0	0	0	0	0	0	0	0	0	0	0	0	0	0	0	0	0	0	0	0	0	0	0	0	0	0	0	0	0	0	0	0	0	0	0	0	0	0	0	0	0	0	0	0	0	0	0	0	0	0	0	0
Massilia	0	0	0	0	0	0	0	0	0	0	0	0	0	0	0	0	0	0	0	0	0	0	0	0	0.07	0	0	0	0	0	0	0	0	0	0	0	0	0	0	0	0	0	0	0	0	0	0	0	0	0	0	0	0	0	0	0.07	0	0	0	0	0	0	0	0	0	0	0	0	0	0	0	0	0	0	0	0	0	0	0	0	0	0	0	0	0	0	0	0	0	0	0	0	0	0	0	0	0	0	0	0	0	0	0	0	0	0	0	0	0	0	0	0	0	0	0	0	0	0	0	0	0	0	0	0	0	0	0	0	0	0	0	0	0	0	0	0	0	0	0	0	0	0	0	0	0	0	0	0	0	0	0	0	0	0	0	0	0	0	0	0	0	0
Mediterraneibacter	0	0	0	0	0	0	0	0	0	0	0	0	0	0	0	0	0	0	0	0	0	0	0	0	0	0	0	0	0	0	0	0	0	0	0	0	1.11	0	0	0	0	0	0	0	0	0	0	0	0	0	0	0	0	0	0	0	0	0	0	0	0	0	0	0	0	0	0	0	0	0	0	0	0	0	0	0	0	0	0	0	0	0	0	0	0	0	0	0	0	0	0	0	0	0	0	0	0	0	0	0	0	0	0	0	0	0	0	0	0	0.17	0	0	0	0	0	0	0	0	0	0	0	0	0	0	0	0	0	0	0	0	0	0	0	0	0	0	0	0.16	0	0	0	0	0	0	0	0	0	0	0	0	0	0	0	0	0	0	0	0	0	0	0	0
Megasphaera	0	0	0	0	0	0	0	0	0	0	0	0	0	0	0	0	0	0	0	0	0	0	0	0	0	0	0	0	0	0	0	0	0	0	0	0	0	0	0	0.24	0	0	0	0	0	0	0	0	0	0	0	0	0	0	0	0	0	0	0	0	0	0	0	0	0	0	0	0	0	0	0	0	0	0	0	0	0	0	0	0	0	0	0	0	0	0	0	0	0	0	0	0	0	0	0	0	0	0	0	0	0	0	0	0	0	0	0	0	0	0	0	0	0	0	0	0	0	0	0	0	0	0	0	0	0	0	0	0	0	0	0	0	0	0	0	0	0	0	0	0	0	0	0	0	0	0	0	0	0	0	0	0	0	0	0	0	0	0	0	0	0	0
Methanobrevibacter	0	0	0	0	0	0	0	0	0	0	0	0	0	0	0	0	0	0	0	0	0	0	0	0	0	0	0	0	0	0	0	0	0	0	0	0	0	0	0	0	0	0	0	0	0	0	0	0	0	0	0	0	0	0	0	0	0	0	0	0	0	0	0	0	0	0.06	0	0	0	0	0	0	0	0	0	0	0	0	0	0	0	0	0	0	0	0	0	0	0	0	0	0	0	0	0	0	0	0	0	0	0	0	0	0	0	0	0	0	0	0	0	0	0	0	0	0	0	0	0	0	0	0	0	0	0	0	0	0	0	0	0	0	0	0	0	0	0	0	0	0	0	0	0	0	0	0	0	0	0	0	0	0	0	0	0	0	0	0	0	0	0	0
Methylobacterium	0	0.04	0	0	0	0	0	0	0	0	0	0	0	0	0	0	0	0	0	0	0	0	0	0	0	0	0	0	0	0	0	0	0	0	0	0	0	0	0	0	0	0	0	0	0	0	0	0	0	0	0	0	0	0	0	0	0	0	0	0	0	0	0	0	0	0	0	0	0	0	0	0	0	0	0	0	0	0	0	0	0	0	0	0	0	0	0	0	0	0	0	0	0	0	0	0	0	0	0	0	0	0	0.03	0	0	0	0	0	0	0	0	0	0	0	0	0	0	0	0	0	0	0	0	0	0	0	0	0	0	0.09	0	0	0	0	0	0	0	0.04	0	0	0	0	0	0	0	0	0	0	0	0	0	0	0	0	0	0	0	0	0	0	0	0
Methylorubrum	0	0	0	0	0	0	0	0	0	0	0	0	0	0	0	0	0	0	0	0	0	0	0	0	0	0	0	0	0	0	0	0	0	0	0	0	0	0	0	0	0	0	0	0	0	0	0	0	0	0	0	0	0	0	0	0	0	0	0	0	0	0	0	0	0	0	0	0	0	0	0	0	0	0	0	0	0	0	0	0	0	0	0	0	0	0	0	0	0	0	0.03	0	0	0	0	0	0	0	0	0	0	0	0	0	0	0	0	0	0	0	0	0	0	0	0	0	0	0	0	0	0	0	0	0	0	0	0	0	0	0	0	0	0	0	0	0	0	0	0	0	0	0	0	0	0	0	0	0	0	0	0	0	0	0	0	0	0	0	0	0	0	0
Micrococcus	0	0.03	0	0	0	0	0	0	0.1	0	0.86	0	0	0	0	0	0	0	0	0	0	0	0	0	0	0	0	0	0	0	0	0.13	0.13	0.12	0.05	0	0	0.01	0	0	0	0	0	0	0	0	0.01	0	0	1.05	0.03	0.03	0.15	0	0	0	0	0	0	0.03	0	0.02	0.01	0	0.06	0.55	0	0	0.79	0.02	0.16	0.03	0	0	0	0.05	0	0	0	0	0	0	0	0	0.01	0	0.05	0	0.05	0	0	0	0	0.26	0.01	0.02	0	0.03	0	0	0	0	0.03	0	0	0	0.03	0.03	0.03	0	0	0	0	0	0	0	0.03	0	0	0	0	0.01	0	0.15	0.01	0	0	0	0	1.12	0	0.52	0	0.03	0	0	0	5.09	0.03	0.1	0	0	0	0	0.03	0.07	0	0	0	0	0	0	0.09	0	0	0	0	0	0	0	0	0
Miniphocaeibacter	0	0	0	0	0	0	0	0	0	0	0	0	0	0	0	0	0	0	0	0	0	0	0	0	0	0	0	0	0	0	0	0	0	0	0	0	0	0	0	0	0	0	0	0	0.01	0	0	0	0	0	0	0	0	0	0	0	0	0	0	0	0	0	0	0	0	0	0	0	0	0	0	0	0	0	0	0	0	0	0	0	0	0	0	0	0	0	0	0	0	0	0	0	0	0	0	0	0	0	0	0	0	0	0	0	0	0	0	0	0	0	0	0.01	0	0	0	0	0	0	0	0	0	0	0	0	0	0	0	0	0	0	0	0	0	0	0.01	0	0	0.01	0	0	0.06	0	0	0	0	0	0	0	0	0	0	0	0	0	0	0	0	0	0	0	0	0
Mobilicoccus	0	0	0	0	0	0	0	0	0	0	0	0	0	0	0	0	0	0	0	0	0	0	0	0	0	0	0	0	0	0	0	0	0	0	0	0	0	0	0	0	0	0	0	0	0	0	0	0	0	0	0	0	0	0	0	0	0	0	0	0	0	0	0	0	0	0	0	0	0	0	0	0	0	0	0	0	0	0	0	0	0.13	0	0	0	0	0	0	0	0	0	0	0	0	0	0	0	0	0	0	0	0	0	0	0	0	0	0	0	0	0	0	0	0	0	0	0	0	0	0	0	0	0	0	0	0	0	0	0	0	0	0	0	0	0	0	0	0	0	0	0	0	0	0	0	0	0	0	0	0	0	0	0	0	0	0	0	0	0	0	0	0	0
Mobiluncus	0	2.37	0.12	0.46	0.31	0.25	9.07	0.09	2.52	4.2	2.92	8.07	4.5	1.27	1.36	0.68	1.06	8.04	0.4	0.66	5.28	12.21	0.03	0.98	0.3	3.81	5.69	0.8	0.76	0.55	0.51	0.97	1.06	1.15	1.47	0.41	2.01	0.68	2.29	1.91	2.61	1.17	0.54	0.48	0.27	0.22	9.74	0.63	1.21	0.46	2.37	1.11	0.43	2.8	7.55	0.08	0.73	2.77	1.34	2.94	2.47	0.39	4.57	1.71	8.72	0.72	12.29	0.28	1.15	0.32	3.72	4.53	2.78	16.35	3.27	0.7	4.86	1.31	0.82	1.08	6.57	0.33	5.21	1.36	0.7	1.59	2.03	1.6	0.08	1.15	2.2	0.99	0.89	1.58	0.21	1.05	4.37	0.58	0.17	0.03	4.16	5.32	1.15	0.77	0.74	1.72	1.03	0.6	8.6	1.69	2.03	0.33	0.32	0.67	0	0.87	3.22	0.04	1.46	1.3	0.43	0.6	2.46	0.64	1.92	1.31	3.05	2.95	0.16	0.89	0.59	0.92	0.04	0.64	1.1	1.99	0.5	1.42	7.39	2.86	1.34	2.26	0.86	0.54	1.97	1.9	1.14	0.16	0.6	5.85	0.78	1.3	1.03	2.37	5.5	1.02	0.13	3.63	3.88	1.73	1.76	1.49
Modestobacter	0	0	0	0	0	0	0	0	0	0	0	0	0	0	0	0	0	0	0	0	0	0	0	0	0	0	0	0	0	0	0	0	0	0	0	0	0	0	0	0	0	0	0	0	0	0	0	0	0	0	0	0	0	0	0	0	0	0	0	0	0	0	0	0	0	0	0	0	0	0	0	0	0	0	0	0	0	0	0	0	0	0	0	0	0	0	0	0	0	0	0	0	0	0	0	0	0	0	0	0	0	0	0	0	0	0	0	0	0	0	0	0	0	0	0	0	0	0	0	0	0	0	0	0	0	0	0	0	0	0	0	0	0	0	0	0	0	0	0	0.01	0	0	0	0	0	0	0	0	0	0	0	0	0	0	0	0	0	0	0	0	0	0
Mogibacterium	0	0.02	0	0	0	0	0	0	0	0	0	0	0.02	0.01	0	0	0	0	0	0	0	0.02	0	0.02	0	0	1.13	0	0	0	0	0	0	0	0.01	0.01	0	0	0.03	0.12	0	0.03	0	0	0.01	0	0	0	0	0	0	0	0	0	0	0	0	0	0	0	0	0	0	0	0	0	0	0	0	0	0	0.02	0	0	0	0	0	0.05	0	0	0.02	0	0	0	0	0	0.02	0	0	0	0.01	0	0.01	0	0	0	0	0	0	0	0	0.01	0	0	0	0	0	0	0.17	0	0	0	0.01	0	0	0	0	0	0	0	0.19	0	0	0	0	0	0	0	0	0	0	0.02	0	0	0.01	0	0	0.04	0	0	0	0.03	0	0	0	0	0	0	0	0	0.02	0	0	0	0	0	0.01	0	0.05	0.02	0	0
Monoglobus	0	0	0	0	0	0	0	0	0	0	0	0	0	0	0	0	0	0	0	0	0	0	0	0	0	0	0	0	0	0	0	0	0	0	0	0	0	0	0	0	0	0	0	0	0	0	0	0	0	0	0	0	0	0	0	0	0	0	0	0	0	0	0	0	0	0	0	0	0	0	0	0	0	0	0	0	0	0	0	0	0	0	0	0	0	0	0	0	0	0	0	0	0	0	0	0	0	0	0	0	0	0	0	0	0	0	0	0	0	0.08	0	0	0	0	0	0	0	0	0	0	0	0	0	0	0	0	0	0	0	0	0	0	0	0	0	0	0	0	0	0	0	0	0	0	0	0	0	0	0	0	0	0	0	0	0	0	0	0	0	0	0	0
Morganella	0	0	0	0	0	0	0	0	0	0	0	0	0	0	0	0	0	0	0	0	0.25	0	0	0	0	0	0	0	0	0	0	0	0	0	0	0	0	0	0	0	0	0	0	0	0	0	0	0	0	0	0	0	0	0	0	0	0	0	0	0	0	0	0	0	0	0	0	0.12	0	0	0	0	0	0	0	0	0	0	0	0	0	0	0	0	0	0	0	0	0	0	0	0	0	0	0	0	0	0	0	0	0	0	0	0	0	0	0	0	0	0	0	0	0	0.31	0	0	0	0	0	0	0	0	0	0	0	0	0	0	0	0	0	0	0	0	0	0	0	0	0	0	0	0	0	0	0	0	0	0	0	0	0	0	0	0	0	0	0	0	0	0	0	0
Moryella	0	0	0	0.02	0.06	0	2.17	0	0.04	0.14	0.05	0	0.03	0	0	0	0	0	0	0	0	0.07	0	0.03	0	0	0	0	0	0	0.08	0.05	0	0	0.11	0.03	0	0.02	0	0.03	0.25	0	0	0	0	0	4.07	0.05	0.03	0	0.09	0.04	0.1	0	0.12	0.01	0.09	0.09	1.77	0.24	0.08	0.03	0	0.02	0	0	0.02	0.06	0	0	0.21	3.89	0.09	0.02	0.05	0.07	0.03	0	0.05	0	0	0	0	0.14	0.13	0.07	0	0	0	0	0.36	0	0.06	0	0.04	0.05	0	0	0	0	0	0.02	0.04	0	0	0	0.05	0	0.03	0	0.06	0	0	0.05	0	0.53	0.12	0	0.09	0	0	0.04	0.02	0	0.04	0	0.09	0	0	0.28	0	0.05	0	0.03	0.05	0.03	0	0.17	0.08	0.2	0	0	0.03	0	0.28	0	0.06	0	0.14	0	0	0	0.09	0.2	0.19	0.2	0	0.21	0	0.1	0	0
Murdochiella	0.54	0.1	0.16	0.06	1.72	0	0.04	0.09	0.22	0.08	0.51	0.04	0.17	0.08	0.05	0.12	0.03	0	0.08	0.03	0.09	0.15	0.02	0.76	0.09	0.41	4.37	0.11	0.05	0.92	1.1	0.06	0.12	0.1	0.08	0.11	0.55	0.04	0.05	0.07	0.7	0.16	2.33	1.75	0.15	0.06	0.55	0.09	0.03	0	1.24	0.11	0.08	0.13	0.94	2.32	0	0.09	0.07	0.1	0	0.02	1.03	0.03	0.1	0.21	1.84	0.74	0.07	0	0.31	0.07	0.83	0.35	0.04	0.06	0.54	0.81	0.05	1.3	0.05	0.08	0.31	0.04	3.28	0.07	0.19	0.1	0.41	0	0.26	0	0.19	0	0.07	0.16	0.17	0	0	0	0.02	0.11	0.12	0	2.61	0	0.32	0.04	0.03	0.06	0	0.09	0.05	0.06	0	0.88	0.18	0.02	0.08	0.11	0.05	0.09	0.08	0.09	0.09	0.26	0.16	0.24	0.05	0.21	0.55	0.19	0.02	0.05	0.16	0.02	0.35	0.17	0.05	0.16	0	0.15	0.07	0	0.45	0.18	0.14	0	0.28	0	0.21	1.34	0.25	0.53	0.15	0.63	0.1	0.35	0.5	0.54	0	0.22
Muribaculaceae	0	0	0	0	0	0	0.12	0	0	0	0	0	0	0	0	0	0	0	0	0	0	0	0	0	0	0	0	0	0	0	0	0	0	0	0	0	0	0	0	0	0	0	0	0	0	0	0	0	0	0	0	0	0	0.05	0	0	0	0	0	0	0	0	0	0	0	0	0	0	0	0	0	0	0	0	0.1	0	0	0	0	0	0	0	0	0	0	0	0	0	0	0	0	0	0	0	0	0	0	0	0	0	0	0	0	0	0	0	0	0	0	0	0	0	0	0	0	0	0	0	0	0	0	0	0	0	0	0	0	0	0	0	0	0	0	0	0	0	0	0	0.01	0	0	0	0	0	0	0	0	0	0	0	0	0	0	0	0	0	0	0	0	0	0	0
Mycobacterium	0	0	0	0	0	0	0	0	0	0	0	0	0	0	0	0	0	0	0	0	0	0	0	0	0	0	0	0	0	0	0	0	0	0	0	0	0	0	0	0	0	0	0	0	0	0	0	0	0	0	0	0	0	0	0	0	0	0	0	0	0	0	0	0	0	0	0	0	0	0	0	0	0	0	0	0	0	0	0	0	0	0	0	0	0	0	0	0	0	0	0	0	0	0	0	0	0	0	0	0	0	0	0.05	0	0	0	0	0	0	0	0.1	0	0	0	0	0	0	0	0	0	0	0	0	0	0	0	0	0	0	0	0	0	0	0	0	0	0	0	0	0	0	0	0	0	0	0	0	0	0	0	0	0	0	0	0	0	0	0	0	0	0	0
Ndongobacter	0	0	0	0	0	0	0	0	0	0	0	0	0	0	0	0	0	0	0	0	0	0	0	0	0	0	0	0	0	0	0	0	0	0	0	0	0	0	0	0	0	0	0	0	0	0	0	0	0	0	0	0	0	0	0	0	0	0	0	0	0	0	0	0	0	0	0	0	0	0	0	0	0	0	0	0	0	0	0	0	0	0	0	0	0	0	0	0	0	0	0	0	0	0	0	0.02	0	0	0	0	0	0	0	0	0	0	0	0	0	0	0	0	0	0	0	0	0	0	0	0	0.01	0	0	0	0	0	0	0	0	0	0	0	0	0	0	0	0	0	0	0	0.16	0	0	0	0	0	0	0	0	0	0	0	0	0	0	0	0	0	0	0	0	0
Negativicoccus	0.99	0.94	2.83	0.27	1.69	0.04	0.34	0.35	0.99	1.26	2.06	0.25	0.59	1.59	1.6	0.18	2.62	0.19	1.38	1.5	0.48	0.94	0.14	0.61	0.06	1.58	0.54	0.86	0.4	3.27	4.88	0.51	1.02	0.35	1.27	0.82	1.46	0.09	1.21	0.41	1.92	0.57	0.06	0.34	2.54	0.34	2.68	3.42	4.48	0.18	5.35	0.44	0.34	0.34	1.2	1.98	1.54	0.98	0.28	1.08	0.6	0.95	4.49	0.47	3.23	0.59	2.45	0.69	0.72	0.35	1.1	2.63	3.08	2.27	0.14	0.21	3.03	0.69	0.36	1.85	2.21	0.5	0.47	0.58	2.55	2.02	1.18	3.34	0.25	0.31	2.3	1.03	0.19	0.26	0.21	0.43	1.31	2.44	1.99	3.34	0.17	0.19	0.13	1	0.08	0.92	2.19	1.09	1.55	0.6	0.76	0.3	0.17	1.19	0.15	0.99	0.81	0.42	0.61	0.27	5.16	2.59	3.19	0.66	1.06	1.28	1.14	0.81	1.23	0.73	1.48	0.27	1.31	0.39	0.31	0.22	2.31	0.9	0.71	0.74	1.7	0.86	3.4	2.58	0.73	0.65	0.66	0.11	1.11	0	1.4	0	1.19	1.34	0.4	0.87	0	0.86	1.1	1.64	1.8	1.23
Neisseria	0	0.18	0	0	0	0	0.02	0	0	0	0	0	0	0	0	0	0	0	0	0	0	0	0	0	0	0	0	0	0	0	0	0.07	0	0	0	0	0	0	0	0.03	0	0.11	0	0	0	0	0	0	0.02	0	0	0	0	0	0	0	0	8.94	0	0	0	0	0	0	0	0	0.02	0	0.1	0	0	0	0	0.12	0.02	0	0	0	0	0	0	0	0	0.04	0	0.03	0	0	0	0	0	0	0	0	0	0	0	0	0	0	0	0.03	0.01	0	0	0.04	0	0	0	0	0.16	0	0	0	0	0	0	0	0.07	0	0.06	0	0	0	0.05	0	0	0	0	0	0.35	0	0	0.04	0	0.01	0	0	0.04	0	0	0	0	0	0	0	0	0	0	0	0	0	0	0	0	0	0	0	0	0	0	0
Neisseriaceae	0	0	0	0	0	0	0	0	0	0	0	0	0	0	0	0	0	0	0	0	0	0	0	0	0	0	0	0	0	0	0	0	0	0	0	0	0	0	0	0	0	0	0	0	0	0	0	0	0	0	0	0	0	0	0	0	0	0	0	0	0	0	0	0	0	0	0	0	0	0	0.11	0	0	0	0	0	0	0	0	0	0	0	0	0	0	0	0	0	0	0	0	0	0	0	0	0	0	0	0	0	0	0	0	0	0	0	0	0	0	0	0	0	0	0	0	0	0	0	0	0	0	0	0	0	0	0	0	0	0	0	0	0	0	0	0	0	0	0	0	0	0	0	0	0	0	0	0	0	0	0	0	0	0	0	0	0	0	0	0	0	0	0
Neobacillus	0	0	0	0	0	0	0	0	0	0	0	0	0	0	0	0	0	0	0	0	0	0	0	0	0	0	0	0	0	0	0	0	0	0	0	0	0	0	0	0	0	0	0	0	0	0	0	0	0	0	0	0	0	0	0	0	0	0	0	0	0	0	0	0	0	0	0	0	0	0	0	0	0	0	0	0	0	0	0	0	0	0	0	0	0	0	0	0	0	0	0	0	0	0	0	0	0	0	0	0	0	0	0	0	0	0	0	0	0	0	0	0	0	0	0	0	0	0	0	0	0	0	0	0	0	0	0	0.13	0	0	0	0	0	0	0	0	0	0	0	0	0	0	0	0	0	0	0	0	0	0	0	0	0	0	0	0	0	0	0	0	0	0
Neorhizobium	0	0	0	0	0	0	0	0	0	0	0	0	0	0	0	0	0	0	0	0	0	0	0	0	0	0	0	0	0	0	0	0	0	0	0	0	0	0	0	0	0	0	0	0	0	0	0	0	0	0	0	0	0	0	0	0	0	0	0	0	0	0	0	0	0	0	0	0	0	0	0	0	0	0	0	0	0	0	0	0	0	0	0	0	0	0	0	0	0	0	0	0	0	0	0	0	0	0	0	0	0	0	0	0	0	0	0	0	0	0	0	0	0	0	0	0	0	0	0	0	0	0	0	0.02	0	0	0	0	0	0	0	0	0	0	0	0	0	0	0	0	0	0	0	0	0	0	0	0	0	0	0	0	0	0	0	0	0	0	0	0	0	0
Oceanivirga	0	0	0	0	0	0	0	0	0	0	0	0	0	0	0	0	0	0	0	0	0	0	0	0	0	0	0	0	0	0	0	0	0	0	0	0	0	0	0	0	0	0	0	0	0	0	0.18	0	0	0	0	0	0	0	0	0	0	0	0	0	0	0	0	0	0	0	0	0	0	0	0	0	0	0	0	0	0	0	0	0	0	0	0	0	0	0	0	0	0	0	0	0	0	0	0	0	0	0.1	0.23	0	0	0	0	0	0	0	0	0	0	0	0	0	0	0	0	0	0	0	0	0	0	0	0	0	0	0	0	0	0	0	0	0	0	0	0	0	0	0	0	0	0	0	0	0	0	0	0	0	0	0	0	0	0	0	0	0	0	0	0	0	0	0
Parabacteroides	0	0	0	0	0	0	0	0	0	0	0	0	0	0	0	0	0	0	0	0	0	0	0	0	0	0	0	0	0	0	0	0	0	0	0	0	0	0	0	0	0	0	0	0	0	0	0	0	0	0	0	0	0	0	0	0	0	0	0	0	0	0	0	0	0	0	0	0	0	0	0	0	0	0	0	0	0	0	0	0	0	0	0	0	0	0	0	0	0	0	0	0	0	0	0	0	0	0	0	0	0	0	0	0	0	0	0	0	0	0.15	0	0	0	0	0	0	0	0	0	0	0	0	0	0	0	0	0	0	0	0	0	0	0	0	0	0	0	0	0	0	0	0	0	0	0	0	0	0	0	0	0	0	0	0	0	0	0	0	0	0	0	0
Paracoccus	0	0.03	0	0	0	0	0	0	0	0	0	0	0	0	0	0	0	0	0	0	0	0	0	0	0.31	0	0	0	0	0	0	0.02	0.02	0	0	0	0	0	0	0	0	0	0	0	0	0	0	0	0	0	0	0	0	0	0	0	0	0	0	0	0.21	0	0	0	0	0.32	0	0	0	0	0	0	0	0	0	0	0	0	0	0	0.07	0	0	0	0	0	0.06	0	0	0	0	0	0	0	0	0	0	0	0	0	0	0	0	0	0	0	0.01	0	0	0	0	0	0	0	0	0	0	0	0	0	0	0	0	0.06	0	0	0	0	0	0.25	0	0.2	0	0	0	0	0	0.19	0	0.08	0	0	0	0	0	0	0	0	0	0	0	0	0	0	0	0	0	0	0	0	0	0
Paraprevotella	0	0	0	0	0	0	0	0	0	0	0	0	0	0	0	0	0	0	0	0	0	0	0	0	0	0	0	0	0	0	0	0	0	0	0	0	0	0	0	0	0	0	0	0	0	0	0	0	0	0	0	0	0	0	0	0	0	0	0	0	0	0	0	0	0	0	0	0	0	0	0	0	0	0	0	0	0	0	0	0	0	0	0	0	0	0	0	0	0	0	0	0	0	0	0	0	0	0	0	0	0	0	0	0	0	0	0	0	0	0.14	0	0	0	0	0	0	0	0	0	0	0	0	0	0	0	0	0	0	0	0	0	0	0	0	0	0	0	0	0	0	0	0	0	0	0	0	0	0	0	0	0	0	0	0	0	0	0	0	0	0	0	0
Parasutterella	0	0	0	0	0	0	0	0	0	0	0	0	0	0	0	0	0	0	0	0	0	0	0	0	0	0	0	0	0	0	0	0	0	0	0	0	0	0	0.17	0	0	0	0	0	0	0	0	0	0	0	0	0	0	0	0	0	0	0	0	0	0	0	0	0	0	0	0	0	0	0	0	0	0	0	0	0	0	0	0	0	0	0	0	0	0	0	0	0	0	0	0	0	0	0	0	0	0	0	0	0	0	0	0	0	0	0	0	0	0	0.06	0	0	0	0	0	0	0	0	0	0	0	0	0	0	0	0	0	0	0	0	0	0	0	0	0	0	0	0	0	0	0	0	0	0	0	0	0	0	0	0	0	0	0	0	0	0	0	0	0	0	0	0
Parvimonas	0	0	0	0	0	0	0.2	0.06	0.12	0	0.04	0	0.02	0.05	0	0.03	0	0	0	0	0	0	0	0	0	0	0.1	0.02	0	0	0	0.05	0	0	0.13	0	0	0	0	0	0	0.03	0	0	0	0	0	0	0.05	0	0.03	0	0	0	0.06	0	0	0.02	0	0.15	0	0.04	0	0	0.02	0	0.01	0	0	0	0.15	0.02	0	0	0.01	0.04	0	0	0	0	0	0	0	0.02	0.05	0.01	0.08	1.93	0	0	0	0	0	0	0	0	0	0	0	0	0	0.01	0.07	0.17	0	0	0	0	0.02	0	0	0	0	0	0	3.3	0	0	0.02	0	0	0	0.18	0.04	0	0	0.03	0	0	0.11	0	0.06	0	0.02	0.09	0.01	0	0.15	1.14	0.22	0.04	0	0	0	0	0	0	0	0	0	0	0	0	0.03	0	0.31	0	0.16	0	0	0	0
Peptococcus	0	0	0.01	0	0.15	0	0.35	0	0.12	0.27	0.19	0.03	0.05	0.04	0.05	0.06	0.01	0	0.09	0.02	0.06	0.3	0	0.63	0.07	0	1.24	0.09	0.05	0.02	0.01	0	0.22	0	0	0.05	0	0.02	0.09	0	0.28	0.06	0.01	0.02	0.05	0.02	0.14	0.22	0.12	0.18	0.03	0.02	0.11	0.24	0.22	0.06	0.16	0.02	0	0.01	0	0	0.14	0	0	0	0.05	0	0	0	0.04	0	0.23	0	0	0	0.25	0.27	0.04	0	0	0.12	0	0	3.68	0.21	0.15	2.15	0.03	0	0.11	0	1.28	0	0.09	5.32	0.04	0.03	0	0.04	0.16	0.25	0.05	0.22	0.04	0	0.24	0	0	0.08	0	0.27	0	0.08	0	0.08	0.33	0.01	0.01	0.1	0.04	0.54	0.01	0.12	0.12	0.32	0	0	0	0	0.14	0	2.19	0.22	0.1	0.02	0.14	0	0.01	0	0	0.16	0	0	0.42	0.13	0.02	0.01	0.08	0	0.14	0	0.38	0.42	0.25	0.28	0.01	0.25	0.12	0.55	0	0.02
Peptoniphilus	23.26	10.26	16.61	3.96	20.38	1.93	11.45	12.25	10.56	14.97	14.39	10.21	10.77	15.88	17.92	12.86	10.77	16.01	13.58	16.29	11.21	11.13	18.33	10.62	2.66	14.32	14.97	17.55	4.26	14.23	16.43	3.17	18.73	3.52	12.28	9.9	18.85	6.7	11.39	7.05	13.1	5.44	19.62	18.2	13.16	2.15	12.39	14	14.05	1.38	13.59	4.3	2.74	16.95	13.69	21.7	10.56	6.9	17.14	9.66	4.39	11.3	12.7	3.69	12.55	5.93	10.96	12.4	8.24	16.08	10.59	10.09	17.12	12.95	13.31	2.48	11.37	13.69	17.63	17.39	25.49	5.68	9.08	3.71	12.31	14.52	15.1	19.69	9.99	6.69	14.33	11.86	9.52	9.43	8.82	20.56	11.02	14.44	11.13	12.2	17.13	14.9	2.79	13.79	13.79	9.45	7.77	11	16.39	5.95	7.84	10.04	0.6	8.2	1.05	8.24	7.33	10.83	5.8	5.47	15.94	12.68	16.46	8.5	15.13	8.23	11.67	11.64	18.87	5.85	17.23	9.63	10.69	4.45	2.9	2.15	22.94	5.78	15.25	5.75	11.77	11.37	10.41	23.08	10.28	9.26	3.75	0.7	9.61	13.35	13.65	20.42	9.46	13.84	8.24	10.86	25.79	8.64	13.31	9.38	7.48	9.97
Peptostreptococcus	0	0	0.02	0	0	0	0	0	0	0	0	0	0.02	0	0	0	0	0	0	0	0.09	0.27	0	0	0	0	0.05	0	0.09	0	0	0	0.07	0	0	0.09	0	0.04	0.13	0	0	0	0	0	0	0	0	0.13	0	0	0	0	0	2.9	0	0	0	0	0	0	0	0	0.99	0	0	0	0	0	0.21	0	0	0	0.47	0	0	0	0.04	0	0.05	0	0	0	0.12	0	0	0	0	0.06	0	0	0.22	0	0.06	0	0	0	0.31	0.03	0	0	0	0	0	0.46	0	0	0	0	0	0.13	0.17	0	0.04	0	0	0	0	0.37	0	0	0	0	0	0	0	0	0	0	0	0.28	0.03	0	0	0	0	0	0.03	0	0	0	0	0	0	0	0	0.11	0	0	0	0	0	0	0	0	0	0	0	0.16	0	0	0	0
Phreatobacter	0.31	0	0	0	0	0	0	0	0	0	0	0	0	0	0	0	0	0	0	0	0	0	0	0	0	0	0	0	0	0	0	0	0	0	0	0	0	0	0	0	0	0	0	0	0	0	0	0	0	0	0	0	0	0	0	0	0	0	0	0	0	0	0	0	0	0	0	0	0	0	0	0	0	0	0	0	0	0	0	0	0	0	0	0	0	0	0	0	0	0	0	0	0	0	0	0	0	0	0	0	0	0	0	0	0	0	0	0	0	0	0	0	0	0	0	0	0	0	0	0	0	0	0	0	0	0	0	0	0	0.09	0	0	0	0	0	0	0	0	0	0	0	0	0	0	0	0	0	0	0	0	0	0	0	0	0	0	0	0	0	0	0	0
Phytobacter	0	0	0	0	0.08	0	0	0	0	0	0	0	0.1	0	0	0	0	0	0	0	0	0	0	0	0	0	0	0	0	0	0	0	0	0	0	0	0	0	0	0	0	0	0	0	0	0	0.06	0	0	0	0	0	0	0	0	0	0	0	0	0	0	0	0	0	0	0	0	0	0	0	0	0	0	0	0	0	0.05	0	0	0	0	0.23	0	0	0	0.08	0	0	0	0	0	0	0	0	0	0	0	0	0	0	0	0	0	0	0	0	0	0	0	0	0	0	0	0	0	0	0	0	0	0	0	0	0	0	0	1.2	0	0	0	0	0	0	0	0	0	0	0	0	0	0	0	0	0	0	0	0	0.23	0.34	0	0	0	0	0	0	0	0	0	0	0	0	1.38	0
Porphyromonas	5.96	5.86	4.85	0.48	5.7	0.52	10.14	8.64	6.85	5.73	7.25	12.1	12.13	19.11	21.02	1.17	25.17	13.73	9.99	12.95	9.16	2.79	12.78	15.33	1.48	4.15	12.15	1.7	1.28	2.66	4.53	1.7	2.44	1.49	4.11	0.85	2.84	1.29	3.63	1.66	7.98	3.52	17.99	14.63	5.64	1.05	11.51	1.61	2.1	1.18	6.01	2.11	1.05	4.62	8.38	8.43	5.87	3.27	12.75	3.22	1.82	13.13	5.12	1.41	9.53	3.04	5.14	0.7	5.45	4.58	3.52	7.49	6.73	11.7	2.6	0.64	7.72	8.3	1.05	15.07	3.86	2.53	5.57	0.88	10.06	11	4.68	6.28	5.84	4.31	9.08	6.72	19	2.15	2.34	13.82	8.59	14.73	14.3	17.68	6.74	5.29	1.58	4.1	6.37	2.97	3.85	1.47	6.1	2.33	2.93	1.56	0.18	2.81	0.34	4.47	3.88	0.68	1.14	1.33	7.4	21.93	6.53	4.6	19.39	3.47	8.78	5.45	10.2	2.94	15.12	1.69	12.5	1.7	1.57	0.82	14.98	1.77	5.77	2.73	12.79	3.77	5.48	9.55	4.31	4.08	2.36	0.26	2.66	5.59	4.55	14.2	5.56	6.32	5.56	6.45	1.6	5.47	10.86	4.97	5.59	4.08
Prevotella	0	2.87	3.05	0.62	5.86	0.54	19.38	0.5	1.76	4.98	15	10.23	7.52	4.04	4.06	1.32	0.74	2.95	0.71	0.44	1.1	1.23	0.07	0.41	0.19	16.97	1.01	2.41	0.86	10.44	7.71	0.89	1.36	1.27	1.14	0.93	0.28	0.74	3	3.25	3.31	1.46	2.5	2.91	2.53	0.49	3.99	1.62	0.76	0.44	1.56	1.29	0.57	37.2	12.94	0.01	1.15	3.24	1.52	5.06	2.26	9.56	19.36	14.82	2.27	0.93	12.63	0.4	3.58	0.47	6.06	2.06	6.03	8.27	7.94	0.95	4.78	0.51	0.72	2.45	9.31	0	0.87	1.47	3.03	1.62	2.14	2.73	0.66	0.96	3.07	0.76	0.42	2.35	2.56	5.2	4.68	1.39	0.55	0	0.92	0.25	3.84	6.06	0.62	1.87	0.54	17.28	1.27	1.66	2.11	10.78	0.61	0.33	0.07	25.61	4.34	5.29	1.47	1.81	5.73	0.5	2.78	1.68	0.85	0	6.67	1.65	0.23	2.59	1.64	0.28	0.04	0.62	4.29	2.17	3.17	1.51	7.15	3	1.6	5.45	1.23	0.62	2.98	1.41	1.48	0	1.24	3.29	2.7	1.28	1.69	4.24	6.48	8.46	0	8.35	0.96	3.32	0.09	4.14
Prevotellaceae	0	0	0	0	0	0	0	0	0	0	0	0	0	0	0	0	0	0	0	0	0	0	0	0	0	0	0	0	0	0	0	0	0	0	0	0	0	0	0	0	0	0	0	0	0	0	0	0	0	0	0	0	0	0	0	0	0	0	0	0	0	0	0	0	0	0	0	0	0	0	0	0	0	0	0	0	0	0	0	0	0	0	0	0	0	0	0	0	0	0	0	0	0	0	0	0	0	0	0	0	0	0	0	0	0	0	0	0	0	0	0	0	0	0	0	0	0	0	0	0	0	0	0	0	0	0	0	0	0	0	0	0	0	0	0	0	0	0.05	0	0	0	0	0	0	0	0	0	0	0	0	0	0	0	0	0	0	0	0	0	0	0	0
Prevotellaceae UCG-001	0	0	0	0	0	0	0	0	0	0	0.03	0	0	0	0	0	0	0	0	0	0	0	0	0	0	0	0	0	0	0	0	0	0	0	0	0	0	0	0.07	0	0.25	0	0	0	0	0	0	0	0.02	0	0	0	0	0	0	0	0.06	0	0	0	0	0	0	0	0	0	0	0	0	0	0	0	0	0	0	0	0	0	0	0	0	0	0	0	0.02	0	0.1	0	0	0	0	0	0	0	0	0	0	0	0	0	0	0	0	0	0	0	0.01	0	0	0	0	0	0	0	0	0	0	0	0	0	0	1.18	0	0	0.01	0	0	0	0	0	0	0	0	0.02	0	0	0	0	0	0	0	0	0	0	0	0.05	0	0	0	0	0	0	0	0	0	0	0	0	0	0.04	0	0
Propionimicrobium	0	0	0.03	0.09	0.01	0	0	0	0.39	0	0	0.08	0.15	0.12	0.03	12.04	0.1	0	0	0.01	0.02	0.01	0	0	0.08	0.03	0.08	0.12	0	0.14	0.89	0.03	0	0	0	1.6	0	0.27	0.03	0.05	0.03	0.09	0.01	0.07	0.26	0	0.02	0	0.04	0	0.03	0	0.09	0	0	0	0	0.08	0.2	0.09	0	0.02	0	0	0	0	0.06	0.02	0	0.22	0.11	1.65	0	0.03	2.22	0.24	0.08	0	0.09	0	0.07	0	0.18	0.21	0	0.05	0.35	0.09	0.05	0.11	0	0	0	0.53	0	0	0	0	0	0	0.01	0.03	0	0	0.24	0	0	0	0.06	0.04	0	0.11	0.03	0	0	0	0	0.06	0.08	0	0.04	0	0.14	0	0.01	0	0	0	0	0	0.01	0.02	0	0.04	0.06	0	0	0.13	0.04	0	0.05	0.39	0.04	0.05	0.93	0	0.01	0	0.24	0	0	0	0	0	0	0	0.08	0	0	0	0	0
Proteus	0	0	0	0	0	0	0	0	0	0	0	0	0	0	0	0	0	0	0	0	0.01	0	0	0	0	0	0	0	0	0	0	0	0	0	0	0	0	1.33	0	0	0	0	0	0	0	0	0	0	0	0	0	0	0	0	0	0	0	0	0	0	0	0	0	0	0	0	0	0	0	0	0	0	0	0	0	0	0	0	0	0	0	0	0	0.21	0	0	0	0	0	0	0	0	0	0	0	0	0	0	0	0	0	0	0	0	0	0	0	0	0	0	0	0	0	0	0	0	0	0	0	0	0	0	0	0	0	0	0	0	0	0	0	0	0	0	0	0	0	0	0	0	0	0	0	0	0	0	0	0	0	0	0	0	0	0	0	0	0	0	0	0	0	0
Pseudoleptotrichia	0	0	0	0	0	0	0	0	0	0	0	0	0	0	0	0	0	0	0	0	0	0	0	0	0	0	0	0	0	0	0	0	0	0	0	0	0	0	0	0	0	0	0	0	0	0	0	0	0	0	0	0	0	0	0	0	0	0.32	0	0	0	0	0	0	0	0	0	0	0	0	0	0	0.05	0	0	0	0	0	0	0	0	0	0	0	0	0	0	0	0	0	0	0	0	0	0	0	0	0	0	0	0	0	0	0	0	0	0	0	0	0	0	0	0	0	0	0	0	0	0	0	0	0	0	0	0	0	0	0	0	0	0	0	0	0	0	0	0	0	0	0	0	0	0	0	0	0	0	0	0	0	0	0	0	0	0	0	0	0	0	0	0	0
Pseudomonas	0	0	0	0	0.12	0	0	0	0.37	0.34	0	0	0.09	0	0	0	0.08	0.05	0	0.09	0.05	0.06	0	0	0.06	0	0	0	0.1	0	0.08	0	0.06	0	0	0	0.69	0.05	0.2	0	0.08	0	0	0	0	0.16	0.08	0	0	0	0.06	0.1	0	0.04	0.17	0	0	0.02	0.07	0	0	0	0	0.09	0	0.36	0	0	0.15	0	0	0	0	0.14	0	0	0.18	0	0.07	0	0	0.16	0	0.01	0	0.07	0	0	0	0	0	0.36	0.05	0.14	0	0	0.21	0.05	0	0.16	0	0	0	0	0	0.43	0	0	0	0.13	0	0	0	0	0	0	0	0	0	0	0	0	0	0	0	0.93	0.29	0	0	0	0.05	0.03	0	0	0	0	0.06	0.13	0	0	0.05	0	0.1	0	0	0.24	9.51	8.22	0	0.46	0	0.18	0	0	0.26	0	0	0.28	0.44	0	3.14	0
Pseudonocardia	0	0	0	0	0	0	0	0	0	0	0	0	0	0	0	0	0	0	0	0	0	0	0	0	0	0	0	0	0	0	0	0	0	0	0	0	0	0	0	0	0	0	0	0	0	0	0	0	0	0	0	0	0	0	0	0	0.04	0	0	0	0	0	0	0	0	0	0	0	0	0	0	0	0	0	0	0	0	0	0	0	0	0	0	0	0	0	0	0	0	0	0	0	0	0	0	0	0	0	0	0	0	0	0.06	0	0	0	0	0	0	0	0	0	0	0	0	0	0	0	0	0	0	0	0	0	0	0	0	0	0	0	0	0	0	0	0	0	0	0.06	0	0	0	0	0	0	0	0	0	0	0	0	0	0	0	0	0	0	0	0	0	0	0	0
Pseudoxanthomonas	0	0	0	0	0	0	0	0	0	0	0	0	0	0	0	0	0	0	0	0	0	0	0	0	0	0	0	0	0	0	0	0	0	0	0	0	0	0	0	0	0	0	0	0	0	0	0	0	0	0	0	0	0	0	0	0	0	0	0	0	0	0	0	0	0	0	0	0	0	0	0	0	0	0	0	0	0	0	0	0	0	0	0	0	0	0	0	0	0	0	0	0	0	0	0	0	0	0	0	0	0	0	0	0	0	0	0	0	0	0	0	0	0	0	0	0	0	0	0	0	0	0	0	0	0	0	0	0	0	0	0	0.07	0	0	0	0	0	0	0	0	0	0	0	0.03	0	0	0	0	0	0	0	0	0	0	0	0	0	0	0	0	0	0
Psychrobacter	0	0	0	0	0	0	0	0	0	0	0	0	0	0	0	0	0	0	0	0	0	0	0	0	0	0	0	0	0	0	0	0	0	0	0	0	0	0	0	0	0	0	0	0	0	0	0	0	0	0	0	0	0	0	0	0	0	0	0	0	0	0	0	0	0	0	0	0	0	0	0	0	0	0	0	0	0	0	0	0	0	0	0	0	0	0	0	0	0	0	0	0	0	0	0	0	0	0	0	0	0	0	0	0	0	0	0	0	0	0	0	0	0	0	0	0	0	0	0	0	0	0	0	0	0	0	0	0	0	0	0	0.15	0	0	0	0	0	0	0	0	0	0	0	0	0	0	0	0	0	0	0	0	0	0	0	0	0	0	0	0	0	0
Ralstonia	0	0	0	0	0	0	0	0	0	0	0	0	0	0	0	0	0	0	0	0	0	0	0	0	0	0	0	0	0	0	0	0	0	0	0	0	0	0	0	0	0	0	0	0	0	0	0	0	0	0	0	0	0	0	0	0	0	0	0	0	0	0	0	0	0	0	0	0	0	0	0	0	0	0	0	0	0	0	0	0	0	0	0.07	0	0	0	0	0	0	0	0	0	0	0	0	0	0	0	0	0	0	0	0	0	0	0	0	0	0	0	0	0	0	0	0	0	0	0	0	0	0	0	0	0	0	0	0	0	0	0	0	0	0	0	0	0	0	0	0	0	0	0	0	0	0	0	0	0	0	0	0	0	0	0	0	0	0	0	0	0	0	0
Rhizorhapis	0	0	0	0	0	0	0	0	0	0	0	0	0	0	0	0	0	0	0.01	0	0	0	0	0	0	0	0	0	0	0	0	0	0	0	0	0	0	0	0	0	0	0	0	0	0	0	0	0	0	0	0	0	0	0	0	0	0	0	0	0	0	0	0	0	0	0	0	0	0	0	0	0	0	0	0	0	0	0	0.01	0	0	0	0	0	0	0	0	0	0	0	0	0	0	0	0	0	0	0	0	0	0	0	0	0	0	0	0	0	0	0	0	0	0	0	0	0	0	0	0	0	0	0	0	0	0	0.15	0	0	0	0	0	0	0	0	0	0	0	0	0	0	0	0	0	0	0	0	0	0	0	0	0	0	0	0	0	0	0	0	0	0	0	0
Rhodococcus	0	0	0	0	0	0	0	0	0	0	0	0	0	0	0	0	0	0	0	0	0	0	0	0	0	0	0	0	0	0	0	0	0	0	0	0	0	0	0	0	0	0	0	0	0	0	0	0	0	0	0	0	0	0	0	0	0	0.02	0	0	0	0	0	0	0	0	0	0	0	0	0	0	0	0	0	0	0	0	0	0	0	0	0	0	0	0	0	0	0	0	0	0	0	0	0	0	0	0	0	0	0	0	0	0	0	0	0	0	0	0	0	0	0	0	0	0	0	0	0	0	0	0	0	0	0	0	0	0	0	0	0	0	0	0	0	0	0	0	0	0	0	0	0	0	0	0	0	0	0	0	0	0	0	0	0	0	0	0	0	0	0	0
Rikenellaceae RC9 gut group	0	0	0	0	0	0	0	0	0	0	0.05	0	0	0	0	0	0	0	0	0	0	0	0	0	0	0	0	0	0	0	0	0	0	0	0	0	0	0	0	0	1.17	0	0	0	0	0	0	0	0.09	0	0.05	0	0	0	0.03	0	0	0.02	0	0	0	0	0	0.02	0.33	0	0	0	0	0	0	0.05	0	0	0	0	0	0	0	0	0	0	0	0	0	0.01	0	0	0	0	0.03	0	0	0	0	0	0	0	0	0	0	0	0	0	0	0	0	0	0	0.03	0	0	0	0	0	0	0	0	0	0	0	0	0.67	0	0.09	0	0	0	0	0	0	0	0	0.01	0	0	0	0	0.07	0	0.09	0	0.06	0	0	0	0	0	0	0	0	0	0.03	0	0	0	0	0	0	0	0	0
Romboutsia	0	0	0	0	0	0	0	0	0	0	0	0	0	0	0	0	0	0	0	0	0	0	0	0	0	0	0	0	0	0	0	0	0	0	0	0	0.62	0	0.13	0.06	0	0	0	0	0	0	0	0	0	0	0	0	0	0	0	0	0	0	0	0	0	0	0	0	0	0.29	0	0	0	0	0	0	0	0	0	0	0	0	0	0	0	0	0	0	0	0	0	0	0	0	0	0	0	0	0	0	0	0	0	0	0	0	0	0	0	0	0	0	0	0.09	0	0	0	0	0	0	0	0	0	0	0	0	0	0.43	0	0	0	0	0	0	0	0	0	0	0	0	0	1.09	0	1.15	0	0	0	0	0	0	0	0	0	0	0	0	0	0	0	0	0	0	0	0	0	0
Roseburia	0	0	0	0	0	0	0	0	0	0	0	0	0	0	0	0	0	0	0	0	0	0	0	0	0	0	0	0	0	0	0	0	0	0	0	0	0	0	0.12	0	0	0	0	0	0	0	0	0	0	0	0	0	0	0	0	0	0	0	0	0	0	0	0	0	0	0	0	0	0	0	0	0	0	0	0	0	0	0	0	0	0	0	0	0	0	0	0	0	0	0	0	0	0	0	0	0	0	0	0	0	0	0	0	0	0	0	0	0	0	0	0	0	0	0	0	0	0	0	0	0	0	0	0	0	0	0	0	0	0	0	0	0	0	0	0	0	0	0	0	0	0	0	0	0	0	0	0	0	0	0	0	0	0	0	0	0	0	0	0	0	0	0
Roseomonas	0	0	0	0	0	0	0	0	0	0	0	0	0	0	0	0	0	0	0	0	0	0	0	0	0.04	0	0	0	0	0	0	0	0	0	0	0	0	0	0	0	0	0	0	0	0	0	0	0	0	0	0	0	0	0	0	0	0	0	0	0	0.05	0	0	0	0	0.21	0	0	0	0	0	0	0	0	0	0	0	0	0	0	0.01	0	0	0	0	0	0	0	0	0	0	0	0	0	0	0	0	0	0	0	0	0	0	0	0	0	0	0	0	0	0	0	0	0	0	0	0	0	0	0	0	0	0	0.18	0	0	0	0	0	0	0	0.01	0	0	0	0	0	0	0	0	0	0	0	0	0	0	0	0	0	0	0	0	0	0	0	0	0	0	0	0	0	0
Rothia	0	0	0	0	0	0	0	0	0	0	0	0	0	0	0	0	0	0	0	0	0	0	0	0	0.04	0	0	0	0	0	0	0	0	0	0	0	0	0	0	0	0	0	0	0	0	0	0	0	0	0	0	0	0	0	0	0	0	0.09	0	0	0	0	0	0	0	0	0	0	0	0	0	0	0	0	0	0	0	0	0	0	0	0	0	0	0	0.01	0	0	0	0	0	0	0	0.2	0	0	0	0	0	0	0	0	0	0	0	0	0	0	0	0	0	0	0	0	0	0	0	0	0	0	0	0	0	0.43	0	0	0	0	0	0	0	0	0.12	0.13	0	0	0	0.12	0	0	0	0	0	0	0	0	0	0	0	0	0	0	0	0	0	0	0	0	0	0	0	0
Ruminococcus	0	0	0	0	0	0	0	0	0	0	0	0	0	0	0	0	0	0	0	0	0	0	0	0	0	0	0	0	0	0	0	0	0	0	0	0	0	0	0.46	0	0	0	0	0	0	0	0	0	0	0	0	0	0	0.01	0	0	0	0	0	0	0	0	0	0	0	0	0	0	0	0	0	0	0	0	0	0	0	0	0.01	0	0	0	0	0	0	0	0	0	0	0	0	0	0	0	0	0	0	0	0	0	0	0	0	0	0	0	0	0	0	0.81	0	0	0	0	0	0	0	0	0	0	0	0	0	0	0	0	0	0	0	0	0	0	0	0	0	0	0	0.17	0	0	0	0	0	0	0	0	0	0	0	0	0	0	0	0	0	0	0	0	0	0	0	0
Ruthenibacterium	0	0	0	0	0	0	0	0	0	0	0	0	0	0	0	0	0	0	0	0	0	0	0	0	0	0	0.02	0	0	0	0	0	0	0	0	0	0	0	0	0	0	0	0	0	0	0	0	0	0	0	0	0	0	0	0	0	0	0	0	0	0	0	0	0	0	0	0	0	0	0	0	0	0	0	0	0	0	0	0	0	0	0	0	0	0	0	0	0	0	0	0	0	0	0	0	0	0	0	0	0	0	0	0	0	0	0	0	0	0	0	0	0	0	0	0	0	0	0	0	0	0	0	0	0	0	0	0	0	0	0	0	0	0	0	0	0	0	0	0	0	0	0	0	0	0	0	0	0	0	0	0	0	0	0	0	0	0	0	0	0	0	0
S5-A14a	0	0.19	0	0.03	0.03	0.01	0.21	0.43	0.26	0.02	0.08	0.04	0.08	0.03	0.01	0.06	0	0.12	0.02	0.61	0.14	0.04	0	0.19	0.02	0.23	4.64	0.05	0	0.01	0.01	0	0.02	0.07	0.11	0.02	0	0	0.16	0.05	0.23	0.09	0.15	0.07	0.01	0	0.08	0.08	0.04	0	0.66	0.07	0.05	0.04	0.02	0.03	0.15	0.05	0.02	0.32	0.07	0	0.62	0.07	0	0	0.02	0	0	0.04	0.05	0.05	0.91	0	0.12	0.01	0.04	0.41	0	0	0.09	0.02	0	0.03	0.4	0.05	0.42	0.84	0	0	0.34	0	0.09	0.24	0.05	0.47	0	0	0.03	0	2.8	2.15	0.07	0	0.01	0.14	0.28	0.02	0.38	0.13	0.03	0.05	0.06	0.05	0	0.01	0.2	0	0.02	0.08	0.14	3.45	0.07	0	0.06	0	0.07	0.26	0	0	0	0.11	0	0.04	0.03	0.02	0.02	0.1	0.04	0	0.01	0.44	0.02	0.29	0.23	0	0.01	0	0.04	0	0.22	0	0.18	0.48	0	0.08	0.06	0.08	0.33	0.18	0.17	0.06
Salmonella	0	0	0	0	0.18	0	0	0	0	0	0	0	0.16	0	0	0	0	0	0	0.19	0.22	0.08	0	0	0	0	0	0	0.32	0	0.17	0	0.1	0	0	0	1.11	0.36	0	0	0.19	0	0	0	0	0.43	0.06	0	0	0	0.15	0.18	0	0	0.36	0	0	0	0.43	0	0	0	0	0	0	0	0	0	0	0	0	0	0	0.21	0	0	0.43	0	0	0	0	0.24	0	0	0	0.06	0	0	0	0	0	0	0.13	0	0	0	0	0.14	0	0.41	0	0	0	0	0	0.88	0	0	0	0.22	0	0	0	0	0	0	0	0	0	0	0	0	0	0	0	2.19	0.76	0	0	0	0.11	0	0	0	0	0	0.12	0	0	0	0.22	0	0.29	0	0	0.56	11.71	13.07	0	0	0	0	0	0	0	0	0	0.48	0	0	9.28	0
Sarcina	0	0	0	0	0	0	0	0	0	0	0	0	0	0	0	0	0	0	0	0	0	0	0	0	0	0	0	0	0	0	0	0	0	0	0	0	0	0	0	0	0	0	0	0	0	0	0	0	0	0	0	0	0	0	0	0.05	0	0	0	0	0	0	0	0	0	0	0	0	0	0	0	0	0	0	0	0	0	0	0	0	0	0	0	0.06	0	0	0	0	0	0	0	0	0	0	0	0	0	0	0	0	0	0	0	0	0	0	0	0	0	0	0	0	0	0	0	0	0	0	0	0	0	0	0	0	0	0	0	0	0	0	0	0	0	0	0	0	0	0	0	0	0	0	0	0	0	0	0	0	0	0	0	0	0	0	0	0	0	0	0	0	0	0
Schaalia	0.89	0.01	0.08	0	0.25	0.18	0.08	0.02	0.51	0.43	0.34	0.25	0.28	0.24	0.07	0.17	0.08	0.91	0.08	1.26	0.06	0.13	0.03	0.15	0.1	0.24	0.29	1.39	0.02	0.05	0.02	0.17	1.32	0	0.32	0.92	0.28	0.11	0.22	0.76	4.29	0.16	0.41	0.54	0.1	0.14	0.13	0.68	0.72	0	0.09	0.04	0.1	0.62	0.33	0	0.59	0.27	0.18	0	0	1.94	0.31	0.01	0	1.01	0.07	0.09	0.87	0.13	0.6	0.13	0.47	0.22	1.87	0.14	0.05	0.56	0.07	1.24	0.02	0	0.51	0.22	2.03	0.42	0.25	1.33	0.35	0.08	0.39	0.13	0.1	0.24	0.06	0.17	0.01	0.13	0.18	0.37	0	0.07	0.04	0.63	0.31	0.08	3.59	0.15	0.86	0.02	1.35	0.01	0	0.1	0	0.08	0.03	5.72	0.33	0.11	0.11	0.44	0.06	0.51	0.23	0.03	1.14	0.02	0.07	0.92	0.45	0.15	1.05	0.33	0.06	0.13	0.07	0.35	1.99	0	0.12	0.22	0.11	0.22	0.38	0.45	0.1	0	0.55	0	0.51	0.54	0.56	0.23	0.43	0.79	0	0.12	0.45	0.41	0	0.69
Segatella	0	0	0	0	0	0	0	0	0	0	0	0	0	0	0	0	0	0	0	0	0	0	0	0	0	0	0	0	0	0	0	0	0	0	0	0	0	0	0	0	0	0	0	0	0	0	0	0	0	0	0	0	0	0	0	0	0	0	0	0	0	0	0	0	0	0	0	0	0	0	0.07	0	0	0	0	0	0	0	0	0	0	0	0	0	0	0	0	0	0	0	0	0	0	0	0	0	0	0	0	0	0	0	0.04	0	0	0	0	0	0	0	0	0	0	0	0	0	0	0	0	0	0	0	0	0	0	0	0	0	0	0	0	0	0	0	0	0	0	0	0	0	0	0	0	0	0	0	0	0	0	0	0	0	0	0	0	0	0	0	0	0	0	0
Shewanella	0	0	0	0	0	0	0	0	0	0	0	0	0	0	0	0	0	0	0	0	0	0	0	0	0	0	0	0	0	0	0	0	0	0	0	0	0	0	0	0	0	0	0	0	0	0	0	0	0	0	0	0	0	0	0	0	0	0	0	0	0	0	0	0	0	0	0	0	0	0	0	0	0	0	0	0	0	0	0	0	0	0	0	0	0	0	0	0	0	0	0	0	0	0	0	0	0	0	0	0	0	0	0	0	0	0	0	0	0	0	0	0	0	0	0	0	0	0	0	0	0	0	0	0	0	0	0	0	0	0	0	0.02	0	0	0	0	0	0	0	0	0	0	0	0	0	0	0	0	0	0	0	0	0	0	0	0	0	0	0	0	0	0
Slackia	0	0	0	0	0	0	0.02	0	0	0	0	0	0	0	0	0	0	0	0	0	0	0.02	0	0.04	0	0.01	0.02	0	0	0	0	0	0	0	0	0	0	0	0	0	0.07	0	0	0	0	0	0	0	0	0	0	0	0	0.59	0	0	0	0	0	0	0	0	0	0	0	0	0	0	0	0	0	0	0	0	0	0	0	0	0	0	0.3	0	0	0	0	0	0	0.04	0	0	0	0	0	0	0	0	0	0	0	0	0	0	0	0	0	0	0	0	0	0.02	0	0	0	0	0	0	0	0	0	0	0	0.01	0	0	0	0	0	0	0	0	0.01	0	0	0	0	0	0	0	0.02	0	0	0.03	0	0	0	0.07	0	0	0	0	0	0	0	0	0	0	0	0.04	0	0	0	0
Sneathia	0	0	0	0	0	0	0	0	0	0	0	0	0	0	0	0	0	0	0	0	0	0	0	0	0	0	0	0	0	0	0	0.11	0	0	0	0	0	0	0	0	0	0	0	0	0	0	0	0	0	0	0.01	0	0	0	0	0	0	0	0	0	0	0	0	0	0	0	0	0	0	0	0.04	0	0	0	0	0	0	0	0	0	0	0	0	0	0	0	0	0	0	0	0	0	0	0	0	0	0	0	0	0	0	0	0	0	0	0	0	0	0	0	0	0	0	0	0	1.04	0	0	0	0	0	0	0	0	0	0	0	0	0	0	0	0	0	0	0.01	0	0	0.03	0	0	0	0	0	0	0	0	0	0	0	0	0	0	0	0	0	0	0	0	0	0	0	0
Solobacterium	0	0	0	0	0	0	0	0	0	0	0	0	0	0	0	0	0	0	0	0	0	0	0	0	0	0	0.02	0	0	0	0	0	0	0	0	0	0	0	0	0	0	0	0	0	0	0	0	0	0	0	0	0	0	0	0	0	0	0	0	0	0	0	0	0	0	0	0	0	0	0	0	0	0	0	0	0	0	0	0	0	0	0	0	0	0	0	0	0	0	0	0	0	0	0	0	0	0	0	0	0	0	0	0	0	0	0	0	0	0	0	0	0	0	0	0	0	0	0	0	0	0	0	0	0	0	0	0	0	0	0	0	0	0	0	0	0	0	0	0	0	0	0	0	0	0	0	0	0	0	0	0	0	0	0	0	0	0	0	0	0	0	0
Sphingomonas	0	0	0	0	0	0	0	0	0	0	0	0	0	0	0	0	0	0	0	0	0	0	0	0	0	0	0	0	0	0	0	0	0	0	0.02	0	0	0	0	0	0	0	0	0	0	0	0	0	0	0.31	0	0	0	0	0	0	0	0	0	0	0	0	0	0	0	0	0	0	0	0	0	0	0	0	0	0	0	0	0	0	0	0	0	0	0	0	0	0	0	0	0	0	0	0	0	0	0	0	0	0	0	0	0	0	0	0	0	0	0	0	0	0	0	0	0	0	0	0	0	0	0	0	0	0	0	0	0	0	0	0	0	0	0	0	0	0	0	0	0	0	0	0	0	0	0	0	0	0	0	0	0	0	0	0	0	0	0	0	0	0	0	0
Staphylococcus	3.44	24.02	0.36	25.57	3.53	42.7	5.04	5.63	18.51	6.17	11.92	1.56	7.44	3.16	1.26	8.45	1.55	0.49	2.48	1.07	3.34	0.98	0.64	3.92	75.6	1.66	3.63	5.01	62.31	4.84	2.38	40.33	3.77	56.9	12.29	12.37	2.63	58.21	7.39	19.8	1.63	33.24	3.74	0.92	5.22	3.87	5.37	18.85	13.16	70.98	2.92	54.06	67.56	1.07	3.8	2.21	4.89	21.14	1.48	6.6	52.23	0.95	0.53	0.54	1.02	18.75	3.26	4.15	18.77	5.73	13.45	3.86	4.62	1.87	3.86	7.05	3.52	7.41	14.5	1.67	3.31	50.84	15.68	57.3	5.97	10.24	21.75	3.9	2.69	42.35	7.27	39.09	2.71	26.54	8.44	4.18	9.25	1.8	2.1	8.44	2.2	2.17	74.37	16.89	3.61	10.52	3.69	3.73	1.09	32.4	21.09	10.02	94.1	4.24	88.16	4	28.71	0.86	43.57	68.52	2.87	2.73	1.43	33.75	4.31	41.58	2.92	17.46	1.17	20.3	2.43	30.97	16.97	43.54	60.82	1.24	0.16	18.01	3.07	14.54	0.63	14	1.56	2.77	18.09	14.46	10.73	14.03	19.36	31.69	6.08	5.45	15.44	7.82	1.22	19.23	1.06	24.82	3.2	14.29	12.63	3.62
Stenotrophomonas	0	0	0	0	0	0	0	0	0	0	0	0	0	0	0	0	0	0	0	0	0	0	0	0	0.02	0	0	0	0	0	0	0	0	0	0	0	0	0	0	0	0	0	0	0	0	0	0	0	0	0	0	0	0	0	0	0	0	0	0	0	0	0	0	0	0	0	0	0	0	0	0	0	0	0	0	0	0	0	0	0	0	0	0	0	0	0	0	0	0	0	0	0	0	0	0	0	0	0	0	0	0	0	0	0	0	0	0	0	0	0	0	0	0	0	0	0	0	0	0	0	0	0	0	0	0	0	0	0	0	0	0	0	0	0	0	0	0	0	0	0	0	0	0	0	0	0	0	0	0	0	0	0	0	0	0	0	0	0	0	0	0	0
Streptococcus	0.34	0.21	0.07	0	0.23	0.35	0.11	0.74	0.95	0	1.07	0	0.01	0.02	0.25	0.28	0.3	0.04	0.15	0.03	1.21	0.3	0	1.23	0.49	0.01	0	0.04	0.77	0.02	0.01	0.77	0.05	0.17	0	0	0	0.37	0.12	1.04	0.15	0.08	0	0	0	0.18	0.72	1.01	0.87	0.85	0.02	0	0.37	0.02	0	0.14	2.17	7.75	0.18	0	0.49	0.02	0.25	0	0	0.65	0.14	0.79	0.86	0	0.35	0	1.03	0.52	9.23	0.25	0.03	0.51	0.03	0.62	0.02	0.89	0.5	0.28	0.38	0.2	0	0	0.13	0	0.34	0	0.02	1.28	27.57	2.97	1.08	0.03	0.14	0.13	0	0.15	0.15	0.58	0.53	2.01	0.56	0.03	0.12	0.33	2	0.42	0.09	17.67	0	0	0.94	8.69	2.41	0.16	0.27	0.46	0.09	2.81	0.53	0	0.07	1.18	0.07	1.38	0.06	0	5.52	0.81	0.03	0.15	0.01	0.24	0.18	0.3	0.11	0	0.03	0	4.02	0.09	0	0.02	0.39	0	0.51	0.27	2	1.43	0.05	0.53	0	0.13	0	1.51	0	0.38
Sutterella	0	0	0	0.01	0	0	0.23	0	0	0	0.05	0	0.02	0	0	0	0	0	0	0	0.04	0.01	0	1.72	0	0	0.01	0	0	0.01	0.04	0	0	0	0	0.49	0	0	0	0	0	0	0.21	0.3	0.01	0	0.05	0	0	0	0	0.01	0.01	0	0	0	0	0	0.01	0	0	0	0.02	0.14	0	0	0	0	0	0	0	0.09	0.05	0	0	0	0.04	0	0	0	0.24	0	0	0	0.02	0	0	0	0	0	0	0	0	0	0.01	0.01	0	0	0	0	0	0	0.01	0	0	0	0	0.22	0	0	0	0	0	0	0	0	0.03	0	0	0	0	0	0	0	0.01	0	0	0	0	0	0	0	0.02	0	0.01	0	0	0	0	0	0	0	0	0	0.04	0	0	0	0	0	0	0.11	0.05	0.06	0	0	0	0	0	0	0	0
Terrisporobacter	0	0	0	0	0	0	0	0	0	0	0	0	0	0	0	0	0	0	0	0	0	0	0	0	0	0	0	0	0	0	0	0	0	0	0	0	0	0	0	0	0	0	0	0	0	0	0	0	0	0	0	0	0	0	0	0	0	0	0	0	0	0	0	0	0	0	0	0	0	0	0	0	0	0	0	0	0	0	0	0	0	0	0	0	0	0	0	0	0	0	0	0	0	0	0	0	0	0	0	0	0	0	0	0	0	0	0	0	0	0	0	0	0	0	0	0	0	0	0	0	0	0	0	0.06	0	0	0	0	0	0	0	0	0	0	0	0	0	0	0	0.19	0	0	0	0	0	0	0	0	0	0	0	0	0	0	0	0	0	0	0	0	0	0
Thermoactinomyces	0	0	0	0	0	0	0	0	0	0	0	0	0	0	0	0	0	0	0	0	0	0	0	0	0.01	0	0	0	0	0	0	0	0	0	0	0	0	0	0	0	0	0	0	0	0	0	0	0	0	0	0	0	0	0	0	0	0	0	0	0	0	0	0	0	0	0	0	0	0	0	0	0	0	0	0	0	0	0	0	0	0	0	0	0	0	0	0	0	0	0	0	0	0	0	0	0	0	0	0	0	0	0	0	0	0	0	0	0	0	0	0	0	0	0	0	0	0	0	0	0	0	0	0	0	0	0	0	0	0	0	0	0	0	0	0	0	0	0	0	0	0	0	0	0	0	0	0	0	0	0	0	0	0	0	0	0	0	0	0	0	0	0
Thomasclavelia	0	0	0	0	0	0	0	0	0	0	0	0	0	0	0	0	0	0	0	0	0	0	0	0	0	0	0	0	0	0	0	0	0	0	0	0	0	0	0.09	0.03	0	0	0	0	0	0	0	0	0	0	0	0	0	0	0	0	0	0	0	0	0	0	0	0	0	0	0	0	0	0	0	0	0	0	0	0	0	0	0	0	0	0	0	0	0	0	0	0	0	0	0	0	0	0	0	0	0	0	0	0	0	0	0	0	0	0	0	0	0	0.02	0	0	0	0	0	0	0	0	0	0	0	0	0	0	0	0	0	0	0	0	0	0	0	0	0	0	0	0	0	0	0	0	0	0	0	0	0	0	0	0	0	0	0	0	0	0	0	0	0	0	0	0
Treponema	0	0	0	0	0	0	0	0	0	0	0	0	0	0	0	0	0	0	0	0	0	0	0	0	0	0	0	0	0	0	0	0	0	0	0	0	0	0	0	0	1.01	0	0	0	0	0	0	0	0	0	0	0	0	0	0	0	0	0	0	0	0	0	0	0	0	0	0	0	0	0	0	0	0	0.02	0	0	0	0	0	0	0	0	0	0	0	0	0	0	0.02	0	0	0	0	0	0	0	0	0	0	0	0	0	0	0	0	0	0	0	0	0	0	0	0	0	0	0	0	0	0	0	0.23	0	0	0	0	0	0	0	0	0	0	0	0	0	0	0	0.01	0	0	0	0	0	0	0	0	0	0	0	0	0	0	0	0	0	0.04	0	0	0	0	0	0	0
Turicibacter	0	0	0	0	0	0	0	0	0	0	0	0	0	0	0	0	0	0	0	0	0	0	0	0	0	0	0	0	0	0	0	0	0	0	0	0	0	0	0	0	0	0	0	0	0	0	0	0	0	0	0	0	0	0	0	0	0	0	0	0	0	0	0	0	0	0	0	0	0	0	0	0	0	0	0	0	0	0	0	0	0	0	0	0	0	0	0	0	0	0	0	0	0	0	0	0	0	0	0	0	0	0	0.04	0	0	0	0	0	0	0	0	0	0	0	0	0	0	0	0	0	0	0	0	0.07	0	0	0	0	0	0	0	0	0	0	0	0	0	0	0	0	0	0	0	0	0	0	0	0	0	0	0	0	0	0	0	0	0	0	0	0	0	0
Tyzzerella	0	0	0	0	0	0	0	0	0	0	0	0	0	0	0	0	0	0	0	0	0	0	0	0	0	0	0	0	0	0	0	0	0	0	0	0	0	0	0	0	0	0	0	0	0	0	0	0	0	0	0	0	0	0	0	0	0	0	0	0	0	0	0	0	0	0	0	0	0	0	0	0	0	0	0	0	0	0	0	0	0	0	0	0	0	0	0	0	0	0	0	0	0	0	0	0	0	0	0	0	0	0	0	0	0	0	0	0	0	0.03	0	0	0	0	0	0	0	0	0	0	0	0	0	0	0	0	0	0	0	0	0	0	0	0	0	0	0	0	0	0	0	0	0	0	0	0	0	0	0	0	0	0	0	0	0	0	0	0	0	0	0	0
Varibaculum	3.92	6.19	10.94	2.2	20.01	1.24	2.37	13.87	8.36	7.33	9.18	9.89	10.63	18.54	20.06	3.53	9.02	2.7	6.76	2.44	14.08	10.55	0.51	17.7	2.92	7.17	6.96	1.95	2.96	10.88	8.79	2.14	1.61	5.6	5.86	16.97	3.6	2.92	5.97	2.37	4.72	3.28	12.2	8.18	10.08	4	7.7	3.06	2.91	2.02	10.99	3.64	2.98	1.35	10.63	0.34	20.72	2.8	7.15	6.67	4.69	6.12	12.11	2.05	8.2	5.47	5.78	6.42	7.11	7.09	5.9	7.76	12.66	6.47	4.59	2.31	9.9	10.72	6.12	2.51	12.61	1.16	5.53	2.52	4.02	2.24	8.57	5.78	15.65	5.36	7.75	3.88	8.49	6.4	1.72	3.49	7.88	9.45	9.69	0.75	4.3	4.19	2.39	7.15	14.03	8	6.57	2.69	2.73	2.92	4.64	2.48	1.13	13.33	0.44	18.37	8.34	1.32	3	1.89	8.32	3.59	4.4	6.16	6.86	4.49	11.22	8.11	2.81	7.32	2.23	2.67	3.69	1.74	2.91	1.62	11.5	7.62	6.69	11.25	12.02	6.4	20.85	0.94	9.24	9.59	3.75	0.4	10.46	9.73	6.67	12.01	11.71	7.99	9.16	9.2	0.47	7.7	12.33	14.34	5.84	11.57
Veillonella	0	0	0.04	0.02	0.12	0	0.07	0.1	0	0	0	0.35	0.04	0	0	4.51	0	0	0.06	0	0.16	0.39	0	0	0.04	0.27	0.03	0	0.01	0.19	0.02	0.08	0.01	0.44	0	0.03	0	0.07	0.07	0.79	0	0	0	0	0.03	11.39	0	0.1	0.17	0	0	0	0.02	0.01	0	0	0	0.54	0.07	0	0.87	0.09	0	0	0.33	0	0.11	0	0	0	0	0.04	0	0	0.11	0.05	0.01	0.26	2.3	0.11	0	0	0	0.33	0	0.16	0.11	0	0.04	0	0.26	0	0.02	0	0	0	0.06	0.01	0	0.08	0	0.09	0	0	0.14	0	0	0	0	0.01	0	0	0	0.03	0	0	0.94	0.03	0.43	0	0.06	0	0.07	0.14	0	0	0	0	0	0	0.01	0	0	0.12	0	15.87	0	0	0.1	0.63	0	0	0.15	0	0.23	0.06	0	0	0.36	0	0.27	0	0	0	1.19	0.27	0	0.12	0	0.56	0	2.26
W5053	0.1	0.35	0.01	0.03	0.06	0.02	1.72	0.03	0	0.4	0.03	0	0.04	0	0.01	0	0.48	0.03	1.48	0.07	0.03	0.04	0.01	0	0	0.03	0.04	0	0.02	0	0	0.1	0.08	0.01	0.14	0	0.28	0.06	0.14	0.11	0.86	0.05	0.06	0	0	0.01	1.61	0	0.04	0	1.9	0.13	0.02	0.19	0.18	0.01	0	0.18	1.32	0.27	0.04	0.03	0	0.33	0.01	0	0.06	0	0.07	0.02	0.29	0.65	0.05	0.09	0.02	0.04	0.19	0.18	0.06	1.67	0.72	0	0	0.06	0.07	0.08	0	0.01	0.04	0	0.11	0	0.86	0	0.01	0.63	0.67	0.04	0	0	1.71	1.65	0.08	0.2	0.02	0.04	0.08	0.04	0.04	0.15	0.06	0	0	0.03	0	0.06	0.01	0	0.09	0.09	0.06	0.05	0.05	0.05	0.06	0	0.09	0.23	0.15	0	1.82	0.05	0	0.03	0.06	0.03	0.07	0.06	0.04	0	1.91	0.22	0.01	0	0.13	0.08	0.11	0	0.01	0	0.28	0	0	0.16	0.19	0.41	0	0.46	0.3	0.02	0.04	0.03
Winkia	2.35	0.8	0.11	5.52	0.55	10.7	0.15	1.29	0.52	0	0.24	0.11	0.13	0	0.05	0.21	0.24	0.13	0.23	1.93	0.06	0.17	3.09	0.09	0.08	0.39	0.15	0	1.08	0	0.17	0	0.06	0.47	0.51	0.19	0.9	5.56	0.34	8.65	0	0.04	0.2	0.03	0	0.25	0.34	0.15	0.15	0	0.09	0.81	0.31	0.04	0.16	1.03	0	1.01	0.15	0	0.3	0.19	0.06	0.02	0.15	0	0.18	0.46	0.22	0.21	0	0.1	0.62	0.05	0.26	0.09	0.16	0.9	0.25	0.52	0.21	1.76	0	0.55	1.62	2.93	0.23	0.06	0.2	0	0.95	0.73	0.06	1.48	7.4	0.13	0.82	0.05	0.08	26.45	0.15	0.15	0.31	1.41	0.52	2.36	0.21	0.24	0.1	0.15	0.55	0.64	0	0.32	0.08	0.04	0.84	0.11	2.29	0.28	0.28	0.21	0.08	0.51	0.09	3.53	0	2.01	0.17	0	0.06	0	0.16	0.2	0.06	4.13	0	0	0.26	0	0	0.06	0	0.53	1.08	0.2	0.14	0.42	1.87	0	0.85	0	0.58	0.31	0.58	1.03	0.95	0.36	0	0.69	4.9	1.88
Zhihengliuella	0	0	0	0	0	0	0	0	0	0	0	0	0	0	0	0	0	0	0	0	0	0	0	0	0	0	0	0	0	0	0	0	0	0	0	0	0	0	0	0	0	0	0	0	0	0	0	0	0	0	0	0	0	0	0	0	0	0	0	0	0	0	0	0	0	0	0	0	0	0	0	0	0	0	0	0	0	0	0	0	0	0	0	0	0	0	0	0	0	0	0	0	0	0	0	0	0	0	0	0	0	0	0	0	0	0	0	0	0	0	0	0	0	0	0	0	0	0	0	0	0	0	0	0	0	0	0	0	0	0	0	0	0	0	0	0	0	0	0	0	0	0	0	0	0	0	0	0	0	0	0.06	0	0	0	0	0	0	0	0	0	0	0
